   2000       1       1    12057.156820
   2000       1       2    11933.333333
   2000       1       3    12234.867823
   2000       1       4    11800.000000
   2000       1       5    11800.000000
   2000       1       6    12198.777359
   2000       1       7    11866.666667
   2000       1       8    11966.666667
   2000       1       9    12000.000000
   2000       1      10    12000.000000
   2000       1      11    12266.666667
   2000       1      12    12466.666667
   2000       1      13    12433.333333
   2000       1      14    12400.000000
   2000       1      15    12400.000000
   2000       1      16    12400.000000
   2000       1      17    12466.666667
   2000       1      18    12500.000000
   2000       1      19    12833.333333
   2000       1      20    13200.000000
   2000       1      21    13566.666667
   2000       1      22    13900.000000
   2000       1      23    14066.666667
   2000       1      24    14233.333333
   2000       1      25    14366.666667
   2000       1      26    14266.666667
   2000       1      27    14066.666667
   2000       1      28    13933.333333
   2000       1      29    13833.333333
   2000       1      30    13733.333333
   2000       1      31    13366.666667
   2000       2       1    12933.333333
   2000       2       2    12666.666667
   2000       2       3    12666.666667
   2000       2       4    12833.333333
   2000       2       5    13100.000000
   2000       2       6    13066.666667
   2000       2       7    12866.666667
   2000       2       8    12400.000000
   2000       2       9    12266.666667
   2000       2      10    12033.333333
   2000       2      11    11700.000000
   2000       2      12    11466.666667
   2000       2      13    11066.666667
   2000       2      14    10633.333333
   2000       2      15    10300.000000
   2000       2      16    10066.666667
   2000       2      17     9933.333333
   2000       2      18    10100.000000
   2000       2      19    11066.666667
   2000       2      20    12166.666667
   2000       2      21    12766.666667
   2000       2      22    13100.000000
   2000       2      23    13400.000000
   2000       2      24    13700.000000
   2000       2      25    14066.666667
   2000       2      26    13866.666667
   2000       2      27    13500.000000
   2000       2      28    13266.666667
   2000       2      29    13133.333333
   2000       3       1    12966.666667
   2000       3       2    12833.333333
   2000       3       3    12866.666667
   2000       3       4    12966.666667
   2000       3       5    13200.000000
   2000       3       6    13566.666667
   2000       3       7    14033.333333
   2000       3       8    14800.000000
   2000       3       9    15433.333333
   2000       3      10    16066.666667
   2000       3      11    16833.333333
   2000       3      12    17500.000000
   2000       3      13    17966.666667
   2000       3      14    18633.333333
   2000       3      15    19700.000000
   2000       3      16    20833.333333
   2000       3      17    21800.000000
   2000       3      18    22633.333333
   2000       3      19    23233.333333
   2000       3      20    23733.333333
   2000       3      21    24033.333333
   2000       3      22    24166.666667
   2000       3      23    24266.666667
   2000       3      24    24366.666667
   2000       3      25    24400.000000
   2000       3      26    24333.333333
   2000       3      27    24233.333333
   2000       3      28    24066.666667
   2000       3      29    23666.666667
   2000       3      30    22900.000000
   2000       3      31    21866.666667
   2000       4       1    21166.666667
   2000       4       2    20666.666667
   2000       4       3    19900.000000
   2000       4       4    19333.333333
   2000       4       5    19066.666667
   2000       4       6    19000.000000
   2000       4       7    18933.333333
   2000       4       8    18966.666667
   2000       4       9    19066.666667
   2000       4      10    19100.000000
   2000       4      11    19166.666667
   2000       4      12    19266.666667
   2000       4      13    19300.000000
   2000       4      14    19966.666667
   2000       4      15    21300.000000
   2000       4      16    22466.666667
   2000       4      17    23333.333333
   2000       4      18    24133.333333
   2000       4      19    24800.000000
   2000       4      20    25400.000000
   2000       4      21    25666.666667
   2000       4      22    25633.333333
   2000       4      23    25466.666667
   2000       4      24    25200.000000
   2000       4      25    25033.333333
   2000       4      26    24933.333333
   2000       4      27    24833.333333
   2000       4      28    24866.666667
   2000       4      29    25166.666667
   2000       4      30    25766.666667
   2000       5       1    26333.333333
   2000       5       2    26766.666667
   2000       5       3    27100.000000
   2000       5       4    27333.333333
   2000       5       5    27533.333333
   2000       5       6    27600.000000
   2000       5       7    27400.000000
   2000       5       8    27233.333333
   2000       5       9    27066.666667
   2000       5      10    26600.000000
   2000       5      11    25733.333333
   2000       5      12    24800.000000
   2000       5      13    23766.666667
   2000       5      14    22933.333333
   2000       5      15    22633.333333
   2000       5      16    22133.333333
   2000       5      17    21500.000000
   2000       5      18    21100.000000
   2000       5      19    20600.000000
   2000       5      20    20066.666667
   2000       5      21    19566.666667
   2000       5      22    19200.000000
   2000       5      23    18966.666667
   2000       5      24    18700.000000
   2000       5      25    18400.000000
   2000       5      26    18633.333333
   2000       5      27    18933.333333
   2000       5      28    18866.666667
   2000       5      29    18733.333333
   2000       5      30    18766.666667
   2000       5      31    19000.000000
   2000       6       1    19700.000000
   2000       6       2    21333.333333
   2000       6       3    23733.333333
   2000       6       4    26266.666667
   2000       6       5    28233.333333
   2000       6       6    29533.333333
   2000       6       7    30366.666667
   2000       6       8    30933.333333
   2000       6       9    31633.333333
   2000       6      10    32566.666667
   2000       6      11    34033.333333
   2000       6      12    36400.000000
   2000       6      13    39366.666667
   2000       6      14    42000.000000
   2000       6      15    43866.666667
   2000       6      16    45066.666667
   2000       6      17    45600.000000
   2000       6      18    45700.000000
   2000       6      19    45566.666667
   2000       6      20    44900.000000
   2000       6      21    44466.666667
   2000       6      22    44400.000000
   2000       6      23    44266.666667
   2000       6      24    44266.666667
   2000       6      25    44833.333333
   2000       6      26    46233.333333
   2000       6      27    47600.000000
   2000       6      28    48466.666667
   2000       6      29    48900.000000
   2000       6      30    49066.666667
   2000       7       1    49233.333333
   2000       7       2    49566.666667
   2000       7       3    49900.000000
   2000       7       4    50400.000000
   2000       7       5    50866.666667
   2000       7       6    51200.000000
   2000       7       7    51433.333333
   2000       7       8    51833.333333
   2000       7       9    52533.333333
   2000       7      10    53066.666667
   2000       7      11    53466.666667
   2000       7      12    53733.333333
   2000       7      13    53666.666667
   2000       7      14    53333.333333
   2000       7      15    52733.333333
   2000       7      16    52033.333333
   2000       7      17    51266.666667
   2000       7      18    50666.666667
   2000       7      19    50500.000000
   2000       7      20    50633.333333
   2000       7      21    50766.666667
   2000       7      22    51066.666667
   2000       7      23    51466.666667
   2000       7      24    51466.666667
   2000       7      25    51133.333333
   2000       7      26    50466.666667
   2000       7      27    49733.333333
   2000       7      28    48966.666667
   2000       7      29    47900.000000
   2000       7      30    46500.000000
   2000       7      31    44933.333333
   2000       8       1    43600.000000
   2000       8       2    42400.000000
   2000       8       3    41266.666667
   2000       8       4    40100.000000
   2000       8       5    39166.666667
   2000       8       6    38500.000000
   2000       8       7    37966.666667
   2000       8       8    37466.666667
   2000       8       9    37100.000000
   2000       8      10    36866.666667
   2000       8      11    36733.333333
   2000       8      12    36700.000000
   2000       8      13    36633.333333
   2000       8      14    36600.000000
   2000       8      15    36533.333333
   2000       8      16    36500.000000
   2000       8      17    36500.000000
   2000       8      18    36700.000000
   2000       8      19    37200.000000
   2000       8      20    38000.000000
   2000       8      21    38700.000000
   2000       8      22    39300.000000
   2000       8      23    39833.333333
   2000       8      24    40266.666667
   2000       8      25    41066.666667
   2000       8      26    41933.333333
   2000       8      27    42466.666667
   2000       8      28    43000.000000
   2000       8      29    43733.333333
   2000       8      30    44533.333333
   2000       8      31    45266.666667
   2000       9       1    45500.000000
   2000       9       2    45033.333333
   2000       9       3    44733.333333
   2000       9       4    44366.666667
   2000       9       5    43866.666667
   2000       9       6    43433.333333
   2000       9       7    42833.333333
   2000       9       8    42600.000000
   2000       9       9    42733.333333
   2000       9      10    42933.333333
   2000       9      11    43066.666667
   2000       9      12    43166.666667
   2000       9      13    43333.333333
   2000       9      14    43466.666667
   2000       9      15    43633.333333
   2000       9      16    43633.333333
   2000       9      17    43400.000000
   2000       9      18    42966.666667
   2000       9      19    42600.000000
   2000       9      20    42300.000000
   2000       9      21    41933.333333
   2000       9      22    41466.666667
   2000       9      23    40900.000000
   2000       9      24    40300.000000
   2000       9      25    39766.666667
   2000       9      26    39333.333333
   2000       9      27    39000.000000
   2000       9      28    38900.000000
   2000       9      29    38766.666667
   2000       9      30    38633.333333
   2000      10       1    38800.000000
   2000      10       2    39166.666667
   2000      10       3    39300.000000
   2000      10       4    39566.666667
   2000      10       5    39966.666667
   2000      10       6    40366.666667
   2000      10       7    40700.000000
   2000      10       8    40866.666667
   2000      10       9    40966.666667
   2000      10      10    41000.000000
   2000      10      11    40866.666667
   2000      10      12    40000.000000
   2000      10      13    38933.333333
   2000      10      14    38466.666667
   2000      10      15    38333.333333
   2000      10      16    38100.000000
   2000      10      17    37933.333333
   2000      10      18    37700.000000
   2000      10      19    37466.666667
   2000      10      20    37266.666667
   2000      10      21    37000.000000
   2000      10      22    36900.000000
   2000      10      23    36833.333333
   2000      10      24    36866.666667
   2000      10      25    36900.000000
   2000      10      26    37033.333333
   2000      10      27    37566.666667
   2000      10      28    38333.333333
   2000      10      29    38800.000000
   2000      10      30    39100.000000
   2000      10      31    39666.666667
   2000      11       1    40233.333333
   2000      11       2    40800.000000
   2000      11       3    41133.333333
   2000      11       4    41066.666667
   2000      11       5    40733.333333
   2000      11       6    40200.000000
   2000      11       7    39533.333333
   2000      11       8    38700.000000
   2000      11       9    38000.000000
   2000      11      10    37200.000000
   2000      11      11    36100.000000
   2000      11      12    35500.000000
   2000      11      13    34933.333333
   2000      11      14    34366.666667
   2000      11      15    33800.000000
   2000      11      16    33333.333333
   2000      11      17    32466.666667
   2000      11      18    31366.666667
   2000      11      19    30400.000000
   2000      11      20    29500.000000
   2000      11      21    28533.333333
   2000      11      22    27666.666667
   2000      11      23    26933.333333
   2000      11      24    26500.000000
   2000      11      25    26133.333333
   2000      11      26    25600.000000
   2000      11      27    25066.666667
   2000      11      28    24633.333333
   2000      11      29    24300.000000
   2000      11      30    24066.666667
   2000      12       1    23800.000000
   2000      12       2    23500.000000
   2000      12       3    22933.333333
   2000      12       4    22300.000000
   2000      12       5    21500.000000
   2000      12       6    20933.333333
   2000      12       7    20400.000000
   2000      12       8    20000.000000
   2000      12       9    19900.000000
   2000      12      10    19766.666667
   2000      12      11    19566.666667
   2000      12      12    19433.333333
   2000      12      13    19133.333333
   2000      12      14    18800.000000
   2000      12      15    18500.000000
   2000      12      16    18200.000000
   2000      12      17    18033.333333
   2000      12      18    17800.000000
   2000      12      19    17366.666667
   2000      12      20    17066.666667
   2000      12      21    16733.333333
   2000      12      22    16333.333333
   2000      12      23    16066.666667
   2000      12      24    16066.666667
   2000      12      25    16033.333333
   2000      12      26    16266.666667
   2000      12      27    16533.333333
   2000      12      28    16466.666667
   2000      12      29    16400.000000
   2000      12      30    16333.333333
   2000      12      31    15966.666667
