   2001       1       1    15600.000000
   2001       1       2    15100.000000
   2001       1       3    14700.000000
   2001       1       4    14266.666667
   2001       1       5    13966.666667
   2001       1       6    14033.333333
   2001       1       7    14166.666667
   2001       1       8    14066.666667
   2001       1       9    14333.333333
   2001       1      10    14566.666667
   2001       1      11    14866.666667
   2001       1      12    15266.666667
   2001       1      13    15666.666667
   2001       1      14    15800.000000
   2001       1      15    15800.000000
   2001       1      16    15600.000000
   2001       1      17    15433.333333
   2001       1      18    15266.666667
   2001       1      19    14933.333333
   2001       1      20    14600.000000
   2001       1      21    14433.333333
   2001       1      22    14466.666667
   2001       1      23    14633.333333
   2001       1      24    15166.666667
   2001       1      25    15733.333333
   2001       1      26    16700.000000
   2001       1      27    17100.000000
   2001       1      28    17300.000000
   2001       1      29    17800.000000
   2001       1      30    18666.666667
   2001       1      31    19666.666667
   2001       2       1    20200.000000
   2001       2       2    20500.000000
   2001       2       3    20333.333333
   2001       2       4    19800.000000
   2001       2       5    19266.666667
   2001       2       6    18700.000000
   2001       2       7    18433.333333
   2001       2       8    18133.333333
   2001       2       9    17800.000000
   2001       2      10    17633.333333
   2001       2      11    17600.000000
   2001       2      12    18000.000000
   2001       2      13    18333.333333
   2001       2      14    17933.333333
   2001       2      15    17233.333333
   2001       2      16    16666.666667
   2001       2      17    16366.666667
   2001       2      18    15966.666667
   2001       2      19    15733.333333
   2001       2      20    15700.000000
   2001       2      21    15633.333333
   2001       2      22    15533.333333
   2001       2      23    15500.000000
   2001       2      24    15366.666667
   2001       2      25    15300.000000
   2001       2      26    15300.000000
   2001       2      27    15300.000000
   2001       2      28    15166.666667
   2001       3       1    14900.000000
   2001       3       2    14733.333333
   2001       3       3    14700.000000
   2001       3       4    14566.666667
   2001       3       5    14300.000000
   2001       3       6    14133.333333
   2001       3       7    14233.333333
   2001       3       8    14633.333333
   2001       3       9    14800.000000
   2001       3      10    14866.666667
   2001       3      11    15166.666667
   2001       3      12    15500.000000
   2001       3      13    15600.000000
   2001       3      14    15533.333333
   2001       3      15    15300.000000
   2001       3      16    15333.333333
   2001       3      17    15133.333333
   2001       3      18    14733.333333
   2001       3      19    14333.333333
   2001       3      20    14066.666667
   2001       3      21    14000.000000
   2001       3      22    14133.333333
   2001       3      23    14400.000000
   2001       3      24    14700.000000
   2001       3      25    15000.000000
   2001       3      26    15566.666667
   2001       3      27    16333.333333
   2001       3      28    16933.333333
   2001       3      29    17633.333333
   2001       3      30    18166.666667
   2001       3      31    18500.000000
   2001       4       1    18866.666667
   2001       4       2    18733.333333
   2001       4       3    18200.000000
   2001       4       4    17933.333333
   2001       4       5    17900.000000
   2001       4       6    18033.333333
   2001       4       7    18366.666667
   2001       4       8    19300.000000
   2001       4       9    20700.000000
   2001       4      10    21733.333333
   2001       4      11    22200.000000
   2001       4      12    22366.666667
   2001       4      13    22600.000000
   2001       4      14    23166.666667
   2001       4      15    23800.000000
   2001       4      16    24200.000000
   2001       4      17    24366.666667
   2001       4      18    24466.666667
   2001       4      19    24366.666667
   2001       4      20    24166.666667
   2001       4      21    24100.000000
   2001       4      22    24166.666667
   2001       4      23    24333.333333
   2001       4      24    24600.000000
   2001       4      25    25100.000000
   2001       4      26    25833.333333
   2001       4      27    26833.333333
   2001       4      28    27933.333333
   2001       4      29    29166.666667
   2001       4      30    30266.666667
   2001       5       1    31066.666667
   2001       5       2    31766.666667
   2001       5       3    32333.333333
   2001       5       4    32833.333333
   2001       5       5    33400.000000
   2001       5       6    34133.333333
   2001       5       7    34600.000000
   2001       5       8    34833.333333
   2001       5       9    35100.000000
   2001       5      10    35466.666667
   2001       5      11    35933.333333
   2001       5      12    36433.333333
   2001       5      13    37000.000000
   2001       5      14    37600.000000
   2001       5      15    38000.000000
   2001       5      16    38100.000000
   2001       5      17    37966.666667
   2001       5      18    37566.666667
   2001       5      19    37000.000000
   2001       5      20    36333.333333
   2001       5      21    35700.000000
   2001       5      22    35166.666667
   2001       5      23    34600.000000
   2001       5      24    34066.666667
   2001       5      25    33433.333333
   2001       5      26    32466.666667
   2001       5      27    31033.333333
   2001       5      28    29766.666667
   2001       5      29    28666.666667
   2001       5      30    27766.666667
   2001       5      31    26900.000000
   2001       6       1    26133.333333
   2001       6       2    25566.666667
   2001       6       3    25200.000000
   2001       6       4    25166.666667
   2001       6       5    25400.000000
   2001       6       6    25633.333333
   2001       6       7    25833.333333
   2001       6       8    26166.666667
   2001       6       9    26633.333333
   2001       6      10    27733.333333
   2001       6      11    29400.000000
   2001       6      12    30800.000000
   2001       6      13    32266.666667
   2001       6      14    33600.000000
   2001       6      15    34733.333333
   2001       6      16    36033.333333
   2001       6      17    37566.666667
   2001       6      18    39100.000000
   2001       6      19    40466.666667
   2001       6      20    41500.000000
   2001       6      21    42200.000000
   2001       6      22    42733.333333
   2001       6      23    43300.000000
   2001       6      24    43766.666667
   2001       6      25    44500.000000
   2001       6      26    45333.333333
   2001       6      27    46066.666667
   2001       6      28    46566.666667
   2001       6      29    46900.000000
   2001       6      30    46933.333333
   2001       7       1    46433.333333
   2001       7       2    45733.333333
   2001       7       3    44833.333333
   2001       7       4    43833.333333
   2001       7       5    42766.666667
   2001       7       6    42066.666667
   2001       7       7    41833.333333
   2001       7       8    41800.000000
   2001       7       9    41866.666667
   2001       7      10    41900.000000
   2001       7      11    41900.000000
   2001       7      12    41700.000000
   2001       7      13    41133.333333
   2001       7      14    40700.000000
   2001       7      15    40466.666667
   2001       7      16    40333.333333
   2001       7      17    40166.666667
   2001       7      18    40033.333333
   2001       7      19    40000.000000
   2001       7      20    39933.333333
   2001       7      21    39766.666667
   2001       7      22    39566.666667
   2001       7      23    39166.666667
   2001       7      24    38733.333333
   2001       7      25    38266.666667
   2001       7      26    37433.333333
   2001       7      27    36433.333333
   2001       7      28    35366.666667
   2001       7      29    34133.333333
   2001       7      30    32833.333333
   2001       7      31    31600.000000
   2001       8       1    30400.000000
   2001       8       2    29466.666667
   2001       8       3    28733.333333
   2001       8       4    28300.000000
   2001       8       5    28133.333333
   2001       8       6    28166.666667
   2001       8       7    28200.000000
   2001       8       8    28200.000000
   2001       8       9    28466.666667
   2001       8      10    28933.333333
   2001       8      11    29500.000000
   2001       8      12    30033.333333
   2001       8      13    30333.333333
   2001       8      14    30266.666667
   2001       8      15    29933.333333
   2001       8      16    29800.000000
   2001       8      17    29800.000000
   2001       8      18    29800.000000
   2001       8      19    29933.333333
   2001       8      20    30133.333333
   2001       8      21    30200.000000
   2001       8      22    30266.666667
   2001       8      23    30300.000000
   2001       8      24    30566.666667
   2001       8      25    31033.333333
   2001       8      26    31600.000000
   2001       8      27    32400.000000
   2001       8      28    33366.666667
   2001       8      29    34366.666667
   2001       8      30    34966.666667
   2001       8      31    35300.000000
   2001       9       1    35666.666667
   2001       9       2    35733.333333
   2001       9       3    35633.333333
   2001       9       4    35733.333333
   2001       9       5    35933.333333
   2001       9       6    36200.000000
   2001       9       7    36366.666667
   2001       9       8    36600.000000
   2001       9       9    36966.666667
   2001       9      10    37500.000000
   2001       9      11    38033.333333
   2001       9      12    38600.000000
   2001       9      13    39000.000000
   2001       9      14    39033.333333
   2001       9      15    39000.000000
   2001       9      16    38866.666667
   2001       9      17    38066.666667
   2001       9      18    37166.666667
   2001       9      19    36700.000000
   2001       9      20    36466.666667
   2001       9      21    36133.333333
   2001       9      22    35866.666667
   2001       9      23    35666.666667
   2001       9      24    35533.333333
   2001       9      25    35166.666667
   2001       9      26    34600.000000
   2001       9      27    34400.000000
   2001       9      28    34533.333333
   2001       9      29    34866.666667
   2001       9      30    35400.000000
   2001      10       1    36000.000000
   2001      10       2    36533.333333
   2001      10       3    36766.666667
   2001      10       4    36533.333333
   2001      10       5    36200.000000
   2001      10       6    35900.000000
   2001      10       7    35600.000000
   2001      10       8    35166.666667
   2001      10       9    34733.333333
   2001      10      10    34133.333333
   2001      10      11    33366.666667
   2001      10      12    32700.000000
   2001      10      13    32166.666667
   2001      10      14    31733.333333
   2001      10      15    31466.666667
   2001      10      16    31200.000000
   2001      10      17    30833.333333
   2001      10      18    30566.666667
   2001      10      19    30166.666667
   2001      10      20    29600.000000
   2001      10      21    28866.666667
   2001      10      22    27933.333333
   2001      10      23    26933.333333
   2001      10      24    26200.000000
   2001      10      25    25600.000000
   2001      10      26    24866.666667
   2001      10      27    24133.333333
   2001      10      28    23433.333333
   2001      10      29    22800.000000
   2001      10      30    22400.000000
   2001      10      31    22366.666667
   2001      11       1    22266.666667
   2001      11       2    22400.000000
   2001      11       3    22833.333333
   2001      11       4    23200.000000
   2001      11       5    23700.000000
   2001      11       6    23833.333333
   2001      11       7    24066.666667
   2001      11       8    24400.000000
   2001      11       9    24700.000000
   2001      11      10    24866.666667
   2001      11      11    25100.000000
   2001      11      12    25333.333333
   2001      11      13    25466.666667
   2001      11      14    25366.666667
   2001      11      15    25166.666667
   2001      11      16    25033.333333
   2001      11      17    24733.333333
   2001      11      18    24200.000000
   2001      11      19    23466.666667
   2001      11      20    22666.666667
   2001      11      21    21800.000000
   2001      11      22    20900.000000
   2001      11      23    20000.000000
   2001      11      24    19100.000000
   2001      11      25    18133.333333
   2001      11      26    17266.666667
   2001      11      27    16266.666667
   2001      11      28    15366.666667
   2001      11      29    14700.000000
   2001      11      30    14300.000000
   2001      12       1    14266.666667
   2001      12       2    14166.666667
   2001      12       3    14033.333333
   2001      12       4    13866.666667
   2001      12       5    13866.666667
   2001      12       6    13700.000000
   2001      12       7    13533.333333
   2001      12       8    13366.666667
   2001      12       9    13300.000000
   2001      12      10    13366.666667
   2001      12      11    13400.000000
   2001      12      12    13400.000000
   2001      12      13    13400.000000
   2001      12      14    13400.000000
   2001      12      15    13400.000000
   2001      12      16    13400.000000
   2001      12      17    13533.333333
   2001      12      18    13800.000000
   2001      12      19    13900.000000
   2001      12      20    13900.000000
   2001      12      21    13766.666667
   2001      12      22    13566.666667
   2001      12      23    13433.333333
   2001      12      24    13333.333333
   2001      12      25    13233.333333
   2001      12      26    13200.000000
   2001      12      27    13200.000000
   2001      12      28    13200.000000
   2001      12      29    13133.333333
   2001      12      30    13100.000000
   2001      12      31    13100.000000
