   2002       1       1    12766.666667
   2002       1       2    12933.333333
   2002       1       3    12566.666667
   2002       1       4    11766.666667
   2002       1       5    11100.000000
   2002       1       6    10766.666667
   2002       1       7    10500.000000
   2002       1       8    10266.666667
   2002       1       9     9913.333333
   2002       1      10     9536.666667
   2002       1      11     9373.333333
   2002       1      12     9436.666667
   2002       1      13     9493.333333
   2002       1      14     9620.000000
   2002       1      15     9746.666667
   2002       1      16     9746.666667
   2002       1      17     9776.666667
   2002       1      18     9773.333333
   2002       1      19     9666.666667
   2002       1      20     9660.000000
   2002       1      21     9653.333333
   2002       1      22     9580.000000
   2002       1      23     9470.000000
   2002       1      24     9396.666667
   2002       1      25     9480.000000
   2002       1      26     9703.333333
   2002       1      27     9810.000000
   2002       1      28     9886.666667
   2002       1      29     9926.666667
   2002       1      30    10043.333333
   2002       1      31    10500.000000
   2002       2       1    11033.333333
   2002       2       2    11333.333333
   2002       2       3    11466.666667
   2002       2       4    11433.333333
   2002       2       5    11200.000000
   2002       2       6    10900.000000
   2002       2       7    10600.000000
   2002       2       8    10500.000000
   2002       2       9    10433.333333
   2002       2      10    10533.333333
   2002       2      11    10466.666667
   2002       2      12    10533.333333
   2002       2      13    10600.000000
   2002       2      14    10933.333333
   2002       2      15    11300.000000
   2002       2      16    11266.666667
   2002       2      17    11000.000000
   2002       2      18    10900.000000
   2002       2      19    10833.333333
   2002       2      20    10600.000000
   2002       2      21    10300.000000
   2002       2      22    10026.666667
   2002       2      23     9920.000000
   2002       2      24     9876.666667
   2002       2      25     9920.000000
   2002       2      26    10050.000000
   2002       2      27    10366.666667
   2002       2      28    10833.333333
   2002       3       1    11466.666667
   2002       3       2    12166.666667
   2002       3       3    12933.333333
   2002       3       4    13800.000000
   2002       3       5    15166.666667
   2002       3       6    16366.666667
   2002       3       7    17166.666667
   2002       3       8    17666.666667
   2002       3       9    18133.333333
   2002       3      10    18566.666667
   2002       3      11    18833.333333
   2002       3      12    18966.666667
   2002       3      13    19066.666667
   2002       3      14    19166.666667
   2002       3      15    19133.333333
   2002       3      16    19033.333333
   2002       3      17    18866.666667
   2002       3      18    18733.333333
   2002       3      19    18633.333333
   2002       3      20    18600.000000
   2002       3      21    18733.333333
   2002       3      22    18933.333333
   2002       3      23    19133.333333
   2002       3      24    19200.000000
   2002       3      25    19200.000000
   2002       3      26    19266.666667
   2002       3      27    19366.666667
   2002       3      28    19533.333333
   2002       3      29    19666.666667
   2002       3      30    19766.666667
   2002       3      31    19800.000000
   2002       4       1    19866.666667
   2002       4       2    19700.000000
   2002       4       3    19466.666667
   2002       4       4    19266.666667
   2002       4       5    19133.333333
   2002       4       6    19033.333333
   2002       4       7    18933.333333
   2002       4       8    19233.333333
   2002       4       9    19533.333333
   2002       4      10    19866.666667
   2002       4      11    20133.333333
   2002       4      12    20200.000000
   2002       4      13    20000.000000
   2002       4      14    19833.333333
   2002       4      15    19800.000000
   2002       4      16    20133.333333
   2002       4      17    20366.666667
   2002       4      18    20400.000000
   2002       4      19    20600.000000
   2002       4      20    20966.666667
   2002       4      21    21433.333333
   2002       4      22    22133.333333
   2002       4      23    23266.666667
   2002       4      24    24566.666667
   2002       4      25    26200.000000
   2002       4      26    27800.000000
   2002       4      27    29300.000000
   2002       4      28    31000.000000
   2002       4      29    33600.000000
   2002       4      30    36333.333333
   2002       5       1    37866.666667
   2002       5       2    38666.666667
   2002       5       3    39100.000000
   2002       5       4    39200.000000
   2002       5       5    39333.333333
   2002       5       6    39600.000000
   2002       5       7    40100.000000
   2002       5       8    40833.333333
   2002       5       9    41700.000000
   2002       5      10    42600.000000
   2002       5      11    43566.666667
   2002       5      12    44633.333333
   2002       5      13    46000.000000
   2002       5      14    48566.666667
   2002       5      15    51733.333333
   2002       5      16    53666.666667
   2002       5      17    54700.000000
   2002       5      18    55133.333333
   2002       5      19    55266.666667
   2002       5      20    55500.000000
   2002       5      21    55800.000000
   2002       5      22    56233.333333
   2002       5      23    56866.666667
   2002       5      24    57566.666667
   2002       5      25    58133.333333
   2002       5      26    57700.000000
   2002       5      27    56000.000000
   2002       5      28    54566.666667
   2002       5      29    53266.666667
   2002       5      30    52466.666667
   2002       5      31    51833.333333
   2002       6       1    50866.666667
   2002       6       2    49633.333333
   2002       6       3    48533.333333
   2002       6       4    47466.666667
   2002       6       5    46366.666667
   2002       6       6    45266.666667
   2002       6       7    44300.000000
   2002       6       8    43333.333333
   2002       6       9    42200.000000
   2002       6      10    41266.666667
   2002       6      11    40333.333333
   2002       6      12    39400.000000
   2002       6      13    38633.333333
   2002       6      14    38200.000000
   2002       6      15    37900.000000
   2002       6      16    37733.333333
   2002       6      17    37766.666667
   2002       6      18    38666.666667
   2002       6      19    40100.000000
   2002       6      20    41933.333333
   2002       6      21    44666.666667
   2002       6      22    46766.666667
   2002       6      23    47833.333333
   2002       6      24    48833.333333
   2002       6      25    49866.666667
   2002       6      26    51066.666667
   2002       6      27    51966.666667
   2002       6      28    53733.333333
   2002       6      29    55366.666667
   2002       6      30    56200.000000
   2002       7       1    57200.000000
   2002       7       2    58333.333333
   2002       7       3    59500.000000
   2002       7       4    60766.666667
   2002       7       5    61733.333333
   2002       7       6    62266.666667
   2002       7       7    62533.333333
   2002       7       8    63000.000000
   2002       7       9    61933.333333
   2002       7      10    60433.333333
   2002       7      11    59533.333333
   2002       7      12    58566.666667
   2002       7      13    57533.333333
   2002       7      14    56333.333333
   2002       7      15    55100.000000
   2002       7      16    53833.333333
   2002       7      17    52466.666667
   2002       7      18    51333.333333
   2002       7      19    50200.000000
   2002       7      20    49200.000000
   2002       7      21    48700.000000
   2002       7      22    48666.666667
   2002       7      23    48833.333333
   2002       7      24    48966.666667
   2002       7      25    49066.666667
   2002       7      26    49166.666667
   2002       7      27    49200.000000
   2002       7      28    49133.333333
   2002       7      29    49033.333333
   2002       7      30    48933.333333
   2002       7      31    48833.333333
   2002       8       1    48800.000000
   2002       8       2    48866.666667
   2002       8       3    48766.666667
   2002       8       4    48500.000000
   2002       8       5    48200.000000
   2002       8       6    47833.333333
   2002       8       7    47566.666667
   2002       8       8    47300.000000
   2002       8       9    46933.333333
   2002       8      10    46866.666667
   2002       8      11    47233.333333
   2002       8      12    47800.000000
   2002       8      13    48266.666667
   2002       8      14    48733.333333
   2002       8      15    49166.666667
   2002       8      16    49633.333333
   2002       8      17    50200.000000
   2002       8      18    50666.666667
   2002       8      19    51066.666667
   2002       8      20    52000.000000
   2002       8      21    54200.000000
   2002       8      22    57500.000000
   2002       8      23    60100.000000
   2002       8      24    61800.000000
   2002       8      25    63233.333333
   2002       8      26    64900.000000
   2002       8      27    66233.333333
   2002       8      28    65200.000000
   2002       8      29    64566.666667
   2002       8      30    63666.666667
   2002       8      31    62800.000000
   2002       9       1    62600.000000
   2002       9       2    63533.333333
   2002       9       3    63200.000000
   2002       9       4    61133.333333
   2002       9       5    58433.333333
   2002       9       6    55766.666667
   2002       9       7    53766.666667
   2002       9       8    52266.666667
   2002       9       9    51266.666667
   2002       9      10    49800.000000
   2002       9      11    47866.666667
   2002       9      12    46133.333333
   2002       9      13    44600.000000
   2002       9      14    43300.000000
   2002       9      15    42233.333333
   2002       9      16    41300.000000
   2002       9      17    40466.666667
   2002       9      18    39800.000000
   2002       9      19    39266.666667
   2002       9      20    38633.333333
   2002       9      21    37933.333333
   2002       9      22    37100.000000
   2002       9      23    36333.333333
   2002       9      24    35700.000000
   2002       9      25    34966.666667
   2002       9      26    34166.666667
   2002       9      27    33366.666667
   2002       9      28    32500.000000
   2002       9      29    31533.333333
   2002       9      30    30600.000000
   2002      10       1    29700.000000
   2002      10       2    28866.666667
   2002      10       3    28133.333333
   2002      10       4    27433.333333
   2002      10       5    26866.666667
   2002      10       6    26366.666667
   2002      10       7    25933.333333
   2002      10       8    25400.000000
   2002      10       9    24933.333333
   2002      10      10    24466.666667
   2002      10      11    24033.333333
   2002      10      12    23500.000000
   2002      10      13    22966.666667
   2002      10      14    22466.666667
   2002      10      15    21966.666667
   2002      10      16    21666.666667
   2002      10      17    21466.666667
   2002      10      18    21466.666667
   2002      10      19    21300.000000
   2002      10      20    21266.666667
   2002      10      21    21366.666667
   2002      10      22    21533.333333
   2002      10      23    21733.333333
   2002      10      24    22066.666667
   2002      10      25    22666.666667
   2002      10      26    23366.666667
   2002      10      27    23800.000000
   2002      10      28    24233.333333
   2002      10      29    24466.666667
   2002      10      30    24566.666667
   2002      10      31    24600.000000
   2002      11       1    24466.666667
   2002      11       2    24600.000000
   2002      11       3    25100.000000
   2002      11       4    25833.333333
   2002      11       5    26966.666667
   2002      11       6    28066.666667
   2002      11       7    28800.000000
   2002      11       8    29000.000000
   2002      11       9    28800.000000
   2002      11      10    28233.333333
   2002      11      11    27466.666667
   2002      11      12    26666.666667
   2002      11      13    25733.333333
   2002      11      14    24666.666667
   2002      11      15    23700.000000
   2002      11      16    23066.666667
   2002      11      17    22766.666667
   2002      11      18    22633.333333
   2002      11      19    22800.000000
   2002      11      20    23166.666667
   2002      11      21    23566.666667
   2002      11      22    24100.000000
   2002      11      23    24366.666667
   2002      11      24    24200.000000
   2002      11      25    23833.333333
   2002      11      26    23300.000000
   2002      11      27    22566.666667
   2002      11      28    22033.333333
   2002      11      29    21433.333333
   2002      11      30    20600.000000
   2002      12       1    19566.666667
   2002      12       2    18533.333333
   2002      12       3    18000.000000
   2002      12       4    17633.333333
   2002      12       5    17566.666667
   2002      12       6    17466.666667
   2002      12       7    17400.000000
   2002      12       8    17466.666667
   2002      12       9    17633.333333
   2002      12      10    17900.000000
   2002      12      11    18066.666667
   2002      12      12    18233.333333
   2002      12      13    18366.666667
   2002      12      14    18333.333333
   2002      12      15    18166.666667
   2002      12      16    17900.000000
   2002      12      17    17733.333333
   2002      12      18    17766.666667
   2002      12      19    18200.000000
   2002      12      20    18600.000000
   2002      12      21    18833.333333
   2002      12      22    19100.000000
   2002      12      23    19866.666667
   2002      12      24    20933.333333
   2002      12      25    21500.000000
   2002      12      26    21733.333333
   2002      12      27    21866.666667
   2002      12      28    22100.000000
   2002      12      29    22333.333333
   2002      12      30    22333.333333
   2002      12      31    22166.666667
