   2003       1       1    21966.666667
   2003       1       2    21833.333333
   2003       1       3    21600.000000
   2003       1       4    21300.000000
   2003       1       5    20933.333333
   2003       1       6    20600.000000
   2003       1       7    20300.000000
   2003       1       8    20000.000000
   2003       1       9    19700.000000
   2003       1      10    19333.333333
   2003       1      11    18866.666667
   2003       1      12    18233.333333
   2003       1      13    17600.000000
   2003       1      14    17000.000000
   2003       1      15    16733.333333
   2003       1      16    16500.000000
   2003       1      17    16266.666667
   2003       1      18    16200.000000
   2003       1      19    16200.000000
   2003       1      20    16066.666667
   2003       1      21    16000.000000
   2003       1      22    15866.666667
   2003       1      23    15533.333333
   2003       1      24    15400.000000
   2003       1      25    15333.333333
   2003       1      26    15233.333333
   2003       1      27    15000.000000
   2003       1      28    14700.000000
   2003       1      29    14600.000000
   2003       1      30    14733.333333
   2003       1      31    15133.333333
   2003       2       1    15766.666667
   2003       2       2    16200.000000
   2003       2       3    16433.333333
   2003       2       4    16566.666667
   2003       2       5    16466.666667
   2003       2       6    16400.000000
   2003       2       7    16266.666667
   2003       2       8    15933.333333
   2003       2       9    15533.333333
   2003       2      10    15266.666667
   2003       2      11    14933.333333
   2003       2      12    14466.666667
   2003       2      13    14033.333333
   2003       2      14    13966.666667
   2003       2      15    14266.666667
   2003       2      16    14800.000000
   2003       2      17    15400.000000
   2003       2      18    16066.666667
   2003       2      19    16966.666667
   2003       2      20    18500.000000
   2003       2      21    19966.666667
   2003       2      22    20600.000000
   2003       2      23    20833.333333
   2003       2      24    20966.666667
   2003       2      25    21000.000000
   2003       2      26    20933.333333
   2003       2      27    20833.333333
   2003       2      28    20933.333333
   2003       3       1    21133.333333
   2003       3       2    21333.333333
   2003       3       3    21533.333333
   2003       3       4    21733.333333
   2003       3       5    22133.333333
   2003       3       6    22566.666667
   2003       3       7    23233.333333
   2003       3       8    23700.000000
   2003       3       9    23800.000000
   2003       3      10    23800.000000
   2003       3      11    23866.666667
   2003       3      12    23833.333333
   2003       3      13    23466.666667
   2003       3      14    22966.666667
   2003       3      15    22600.000000
   2003       3      16    22566.666667
   2003       3      17    22133.333333
   2003       3      18    22100.000000
   2003       3      19    22866.666667
   2003       3      20    23800.000000
   2003       3      21    24433.333333
   2003       3      22    24600.000000
   2003       3      23    24866.666667
   2003       3      24    24866.666667
   2003       3      25    24600.000000
   2003       3      26    24100.000000
   2003       3      27    23433.333333
   2003       3      28    22866.666667
   2003       3      29    22433.333333
   2003       3      30    22033.333333
   2003       3      31    21633.333333
   2003       4       1    21433.333333
   2003       4       2    21400.000000
   2003       4       3    21400.000000
   2003       4       4    21266.666667
   2003       4       5    21066.666667
   2003       4       6    21000.000000
   2003       4       7    21066.666667
   2003       4       8    21100.000000
   2003       4       9    21100.000000
   2003       4      10    21300.000000
   2003       4      11    21533.333333
   2003       4      12    21600.000000
   2003       4      13    21866.666667
   2003       4      14    22533.333333
   2003       4      15    23800.000000
   2003       4      16    25366.666667
   2003       4      17    26833.333333
   2003       4      18    27766.666667
   2003       4      19    28266.666667
   2003       4      20    28666.666667
   2003       4      21    28866.666667
   2003       4      22    28966.666667
   2003       4      23    29000.000000
   2003       4      24    28933.333333
   2003       4      25    28966.666667
   2003       4      26    29000.000000
   2003       4      27    29000.000000
   2003       4      28    29000.000000
   2003       4      29    29000.000000
   2003       4      30    29066.666667
   2003       5       1    29166.666667
   2003       5       2    29200.000000
   2003       5       3    29200.000000
   2003       5       4    29133.333333
   2003       5       5    29233.333333
   2003       5       6    29500.000000
   2003       5       7    30333.333333
   2003       5       8    31100.000000
   2003       5       9    31433.333333
   2003       5      10    31966.666667
   2003       5      11    32466.666667
   2003       5      12    33133.333333
   2003       5      13    34333.333333
   2003       5      14    35466.666667
   2003       5      15    36200.000000
   2003       5      16    36866.666667
   2003       5      17    37700.000000
   2003       5      18    38533.333333
   2003       5      19    39333.333333
   2003       5      20    40400.000000
   2003       5      21    41866.666667
   2003       5      22    43666.666667
   2003       5      23    45433.333333
   2003       5      24    46866.666667
   2003       5      25    47633.333333
   2003       5      26    47800.000000
   2003       5      27    48400.000000
   2003       5      28    48966.666667
   2003       5      29    48966.666667
   2003       5      30    48100.000000
   2003       5      31    46900.000000
   2003       6       1    46166.666667
   2003       6       2    45333.333333
   2003       6       3    44666.666667
   2003       6       4    43500.000000
   2003       6       5    41533.333333
   2003       6       6    39933.333333
   2003       6       7    38833.333333
   2003       6       8    37700.000000
   2003       6       9    36766.666667
   2003       6      10    35700.000000
   2003       6      11    33833.333333
   2003       6      12    32500.000000
   2003       6      13    32066.666667
   2003       6      14    31800.000000
   2003       6      15    31900.000000
   2003       6      16    32600.000000
   2003       6      17    34166.666667
   2003       6      18    35066.666667
   2003       6      19    35266.666667
   2003       6      20    35233.333333
   2003       6      21    35133.333333
   2003       6      22    34766.666667
   2003       6      23    34333.333333
   2003       6      24    33800.000000
   2003       6      25    33866.666667
   2003       6      26    34533.333333
   2003       6      27    36000.000000
   2003       6      28    38400.000000
   2003       6      29    40633.333333
   2003       6      30    43966.666667
   2003       7       1    46966.666667
   2003       7       2    48733.333333
   2003       7       3    49733.333333
   2003       7       4    50266.666667
   2003       7       5    50466.666667
   2003       7       6    50900.000000
   2003       7       7    51633.333333
   2003       7       8    50833.333333
   2003       7       9    50300.000000
   2003       7      10    51900.000000
   2003       7      11    53633.333333
   2003       7      12    53100.000000
   2003       7      13    52933.333333
   2003       7      14    55966.666666
   2003       7      15    57600.000000
   2003       7      16    57900.000000
   2003       7      17    60200.000000
   2003       7      18    59233.333333
   2003       7      19    58133.333333
   2003       7      20    58633.333333
   2003       7      21    58766.666667
   2003       7      22    58300.000000
   2003       7      23    57566.666667
   2003       7      24    56833.333333
   2003       7      25    58466.666667
   2003       7      26    59000.000000
   2003       7      27    58000.000000
   2003       7      28    56666.666667
   2003       7      29    54533.333333
   2003       7      30    52900.000000
   2003       7      31    51766.666667
   2003       8       1    50733.333333
   2003       8       2    48800.000000
   2003       8       3    47200.000000
   2003       8       4    46000.000000
   2003       8       5    44933.333333
   2003       8       6    43466.666667
   2003       8       7    42233.333333
   2003       8       8    41233.333333
   2003       8       9    41100.000000
   2003       8      10    40666.666667
   2003       8      11    39933.333333
   2003       8      12    39166.666667
   2003       8      13    38500.000000
   2003       8      14    37700.000000
   2003       8      15    37066.666667
   2003       8      16    36700.000000
   2003       8      17    36200.000000
   2003       8      18    35933.333333
   2003       8      19    36033.333333
   2003       8      20    35633.333333
   2003       8      21    35400.000000
   2003       8      22    35400.000000
   2003       8      23    35400.000000
   2003       8      24    35133.333333
   2003       8      25    34866.666667
   2003       8      26    34533.333333
   2003       8      27    34200.000000
   2003       8      28    33900.000000
   2003       8      29    33833.333333
   2003       8      30    33883.333333
   2003       8      31    33766.666667
   2003       9       1    33433.333333
   2003       9       2    32300.000000
   2003       9       3    31133.333333
   2003       9       4    31333.333333
   2003       9       5    32533.333333
   2003       9       6    33600.000000
   2003       9       7    35300.000000
   2003       9       8    36200.000000
   2003       9       9    37433.333333
   2003       9      10    40066.666667
   2003       9      11    40966.666667
   2003       9      12    41500.000000
   2003       9      13    42333.333333
   2003       9      14    43466.666667
   2003       9      15    44300.000000
   2003       9      16    44633.333333
   2003       9      17    44966.666667
   2003       9      18    45033.333333
   2003       9      19    44733.333333
   2003       9      20    42666.666667
   2003       9      21    41100.000000
   2003       9      22    41500.000000
   2003       9      23    42550.000000
   2003       9      24    42966.666667
   2003       9      25    43200.000000
   2003       9      26    43233.333333
   2003       9      27    43200.000000
   2003       9      28    43200.000000
   2003       9      29    42800.000000
   2003       9      30    42266.666667
   2003      10       1    40300.000000
   2003      10       2    38800.000000
   2003      10       3    37166.666667
   2003      10       4    35900.000000
   2003      10       5    35200.000000
   2003      10       6    36133.333333
   2003      10       7    35966.666667
   2003      10       8    35400.000000
   2003      10       9    35233.333333
   2003      10      10    35266.666667
   2003      10      11    35366.666667
   2003      10      12    35466.666667
   2003      10      13    35166.666667
   2003      10      14    34133.333333
   2003      10      15    33433.333333
   2003      10      16    34833.333333
   2003      10      17    33533.333333
   2003      10      18    32166.666667
   2003      10      19    31466.666667
   2003      10      20    30800.000000
   2003      10      21    30466.666667
   2003      10      22    30000.000000
   2003      10      23    29400.000000
   2003      10      24    28866.666667
   2003      10      25    28433.333333
   2003      10      26    27900.000000
   2003      10      27    27113.333333
   2003      10      28    26233.333333
   2003      10      29    25353.333333
   2003      10      30    24473.333333
   2003      10      31    23593.333333
   2003      11       1    22100.000000
   2003      11       2    20433.333333
   2003      11       3    18833.333333
   2003      11       4    17433.333333
   2003      11       5    17533.333333
   2003      11       6    17466.666667
   2003      11       7    17166.666667
   2003      11       8    16766.666667
   2003      11       9    16666.666667
   2003      11      10    16700.000000
   2003      11      11    15833.333333
   2003      11      12    15333.333333
   2003      11      13    15100.000000
   2003      11      14    15200.000000
   2003      11      15    15100.000000
   2003      11      16    15066.666667
   2003      11      17    14966.666667
   2003      11      18    14566.666667
   2003      11      19    14066.666667
   2003      11      20    14966.666667
   2003      11      21    15233.333333
   2003      11      22    15033.333333
   2003      11      23    15000.000000
   2003      11      24    15200.000000
   2003      11      25    15433.333333
   2003      11      26    15700.000000
   2003      11      27    15000.000000
   2003      11      28    13800.000000
   2003      11      29    12733.333333
   2003      11      30    11866.666667
   2003      12       1    11266.666667
   2003      12       2    10900.000000
   2003      12       3    10666.666667
   2003      12       4    10533.333333
   2003      12       5    11433.333333
   2003      12       6    11766.666667
   2003      12       7    11700.000000
   2003      12       8    11766.666667
   2003      12       9    11800.000000
   2003      12      10    11866.666667
   2003      12      11    11966.666667
   2003      12      12    11933.333333
   2003      12      13    12233.333333
   2003      12      14    12133.333333
   2003      12      15    12066.666667
   2003      12      16    12100.000000
   2003      12      17    11966.666667
   2003      12      18    11800.000000
   2003      12      19    11650.000000
   2003      12      20    11200.000000
   2003      12      21    11133.333333
   2003      12      22    11333.333333
   2003      12      23    11666.666667
   2003      12      24    11933.333333
   2003      12      25    12066.666667
   2003      12      26    12033.333333
   2003      12      27    11466.666667
   2003      12      28    11133.333333
   2003      12      29    10900.000000
   2003      12      30    10666.666667
   2003      12      31    10400.000000
