   2004       1       1    10100.000000
   2004       1       2     9986.666667
   2004       1       3    10326.666667
   2004       1       4    10366.666667
   2004       1       5    10366.666667
   2004       1       6    10466.666667
   2004       1       7    10566.666667
   2004       1       8    10666.666667
   2004       1       9    10700.000000
   2004       1      10    10233.333333
   2004       1      11    10333.333333
   2004       1      12    10433.333333
   2004       1      13    10200.000000
   2004       1      14    10166.666667
   2004       1      15    10066.666667
   2004       1      16    10066.666667
   2004       1      17    10100.000000
   2004       1      18    10033.333333
   2004       1      19    10000.000000
   2004       1      20    10333.333333
   2004       1      21    10366.666667
   2004       1      22    10366.666667
   2004       1      23    10466.666667
   2004       1      24    10500.000000
   2004       1      25    10433.333333
   2004       1      26    10466.666667
   2004       1      27    10500.000000
   2004       1      28    10433.333333
   2004       1      29    10266.666667
   2004       1      30    10133.333333
   2004       1      31    10033.333333
   2004       2       1    10000.000000
   2004       2       2     9866.666667
   2004       2       3     9466.666667
   2004       2       4     9220.000000
   2004       2       5     9126.666667
   2004       2       6     9153.333333
   2004       2       7     9193.333333
   2004       2       8     9306.666667
   2004       2       9     9420.000000
   2004       2      10     9350.000000
   2004       2      11     9366.666667
   2004       2      12     9466.666667
   2004       2      13     9433.333333
   2004       2      14     9000.000000
   2004       2      15     8720.000000
   2004       2      16     8493.333333
   2004       2      17     8840.000000
   2004       2      18     9373.333333
   2004       2      19     9576.666667
   2004       2      20     9800.000000
   2004       2      21    10100.000000
   2004       2      22    10200.000000
   2004       2      23    10200.000000
   2004       2      24     9533.333333
   2004       2      25     8866.666667
   2004       2      26     8700.000000
   2004       2      27     8566.666667
   2004       2      28     8400.000000
   2004       2      29     8050.000000
   2004       3       1     8200.000000
   2004       3       2     8250.000000
   2004       3       3     9600.000000
   2004       3       4    10366.666667
   2004       3       5    10733.333333
   2004       3       6    11033.333333
   2004       3       7    12966.666667
   2004       3       8    14433.333333
   2004       3       9    14966.666667
   2004       3      10    16100.000000
   2004       3      11    17000.000000
   2004       3      12    17666.666667
   2004       3      13    17633.333333
   2004       3      14    17033.333333
   2004       3      15    16066.666667
   2004       3      16    15433.333333
   2004       3      17    14900.000000
   2004       3      18    14633.333333
   2004       3      19    14866.666667
   2004       3      20    14800.000000
   2004       3      21    14700.000000
   2004       3      22    14433.333333
   2004       3      23    12900.000000
   2004       3      24    12133.333333
   2004       3      25    12300.000000
   2004       3      26    12733.333333
   2004       3      27    13300.000000
   2004       3      28    13900.000000
   2004       3      29    14633.333333
   2004       3      30    15433.333333
   2004       3      31    16500.000000
   2004       4       1    17566.666667
   2004       4       2    18966.666667
   2004       4       3    20366.666667
   2004       4       4    20733.333333
   2004       4       5    20966.666667
   2004       4       6    21100.000000
   2004       4       7    20966.666667
   2004       4       8    20966.666667
   2004       4       9    18066.666667
   2004       4      10    16333.333333
   2004       4      11    15800.000000
   2004       4      12    15400.000000
   2004       4      13    15233.333333
   2004       4      14    15200.000000
   2004       4      15    15533.333333
   2004       4      16    17300.000000
   2004       4      17    18366.666667
   2004       4      18    19033.333333
   2004       4      19    19700.000000
   2004       4      20    20033.333333
   2004       4      21    19166.666667
   2004       4      22    18833.333333
   2004       4      23    18966.666667
   2004       4      24    19200.000000
   2004       4      25    19166.666667
   2004       4      26    18500.000000
   2004       4      27    18000.000000
   2004       4      28    17766.666667
   2004       4      29    17700.000000
   2004       4      30    17833.333333
   2004       5       1    18641.666667
   2004       5       2    19754.166667
   2004       5       3    20866.666667
   2004       5       4    21979.166667
   2004       5       5    23091.666667
   2004       5       6    24204.166667
   2004       5       7    25316.666667
   2004       5       8    26429.166667
   2004       5       9    26466.666667
   2004       5      10    27166.666667
   2004       5      11    27800.000000
   2004       5      12    27633.333333
   2004       5      13    27900.000000
   2004       5      14    28300.000000
   2004       5      15    29333.333333
   2004       5      16    30733.333333
   2004       5      17    32200.000000
   2004       5      18    33433.333333
   2004       5      19    34800.000000
   2004       5      20    36100.000000
   2004       5      21    37633.333333
   2004       5      22    38666.666667
   2004       5      23    39033.333333
   2004       5      24    38833.333333
   2004       5      25    36233.333333
   2004       5      26    34533.333333
   2004       5      27    33566.666667
   2004       5      28    32733.333333
   2004       5      29    31766.666667
   2004       5      30    31000.000000
   2004       5      31    30200.000000
   2004       6       1    30166.666667
   2004       6       2    30566.666667
   2004       6       3    30633.333333
   2004       6       4    30800.000000
   2004       6       5    31166.666667
   2004       6       6    31833.333333
   2004       6       7    33300.000000
   2004       6       8    34500.000000
   2004       6       9    34933.333333
   2004       6      10    34400.000000
   2004       6      11    33966.666667
   2004       6      12    33833.333333
   2004       6      13    33666.666667
   2004       6      14    33333.333333
   2004       6      15    33200.000000
   2004       6      16    33333.333333
   2004       6      17    33466.666667
   2004       6      18    33300.000000
   2004       6      19    34000.000000
   2004       6      20    35866.666667
   2004       6      21    37466.666667
   2004       6      22    38300.000000
   2004       6      23    38833.333333
   2004       6      24    39800.000000
   2004       6      25    41466.666667
   2004       6      26    42966.666667
   2004       6      27    43466.666667
   2004       6      28    41900.000000
   2004       6      29    41100.000000
   2004       6      30    41100.000000
   2004       7       1    41100.000000
   2004       7       2    40966.666667
   2004       7       3    41900.000000
   2004       7       4    42333.333333
   2004       7       5    42166.666667
   2004       7       6    41966.666667
   2004       7       7    41566.666667
   2004       7       8    41133.333333
   2004       7       9    40800.000000
   2004       7      10    39833.333333
   2004       7      11    39200.000000
   2004       7      12    39033.333333
   2004       7      13    39466.666667
   2004       7      14    39766.666667
   2004       7      15    39933.333333
   2004       7      16    40000.000000
   2004       7      17    40066.666667
   2004       7      18    40100.000000
   2004       7      19    40100.000000
   2004       7      20    40366.666667
   2004       7      21    41100.000000
   2004       7      22    41933.333333
   2004       7      23    42733.333333
   2004       7      24    44133.333333
   2004       7      25    45566.666667
   2004       7      26    46866.666667
   2004       7      27    46766.666667
   2004       7      28    46700.000000
   2004       7      29    46866.666667
   2004       7      30    46833.333333
   2004       7      31    46666.666667
   2004       8       1    46333.333333
   2004       8       2    45933.333333
   2004       8       3    45333.333333
   2004       8       4    44766.666667
   2004       8       5    44200.000000
   2004       8       6    43600.000000
   2004       8       7    41600.000000
   2004       8       8    40366.666667
   2004       8       9    40066.666667
   2004       8      10    39733.333333
   2004       8      11    39466.666667
   2004       8      12    39933.333333
   2004       8      13    39866.666667
   2004       8      14    39633.333333
   2004       8      15    40000.000000
   2004       8      16    40466.666667
   2004       8      17    40666.666667
   2004       8      18    40700.000000
   2004       8      19    40766.666667
   2004       8      20    40800.000000
   2004       8      21    40733.333333
   2004       8      22    40566.666667
   2004       8      23    40166.666667
   2004       8      24    39533.333333
   2004       8      25    39100.000000
   2004       8      26    38600.000000
   2004       8      27    37133.333333
   2004       8      28    36433.333333
   2004       8      29    35933.333333
   2004       8      30    35433.333333
   2004       8      31    35433.333333
   2004       9       1    35566.666667
   2004       9       2    35466.666667
   2004       9       3    35266.666667
   2004       9       4    35066.666667
   2004       9       5    34733.333333
   2004       9       6    34400.000000
   2004       9       7    34300.000000
   2004       9       8    34100.000000
   2004       9       9    33933.333333
   2004       9      10    34033.333333
   2004       9      11    36100.000000
   2004       9      12    38100.000000
   2004       9      13    39800.000000
   2004       9      14    41333.333333
   2004       9      15    42600.000000
   2004       9      16    43066.666667
   2004       9      17    42833.333333
   2004       9      18    42633.333333
   2004       9      19    41533.333333
   2004       9      20    40800.000000
   2004       9      21    39766.666667
   2004       9      22    38833.333333
   2004       9      23    38133.333333
   2004       9      24    37566.666667
   2004       9      25    39266.666667
   2004       9      26    39933.333333
   2004       9      27    39466.666667
   2004       9      28    39100.000000
   2004       9      29    38800.000000
   2004       9      30    38500.000000
   2004      10       1    37666.666667
   2004      10       2    36300.000000
   2004      10       3    35266.666667
   2004      10       4    34533.333333
   2004      10       5    33900.000000
   2004      10       6    33300.000000
   2004      10       7    32633.333333
   2004      10       8    31933.333333
   2004      10       9    31433.333333
   2004      10      10    31100.000000
   2004      10      11    30933.333333
   2004      10      12    30833.333333
   2004      10      13    30706.666667
   2004      10      14    30566.666667
   2004      10      15    30426.666667
   2004      10      16    30286.666667
   2004      10      17    30146.666667
   2004      10      18    29900.000000
   2004      10      19    29466.666667
   2004      10      20    28900.000000
   2004      10      21    28100.000000
   2004      10      22    26533.333333
   2004      10      23    25166.666667
   2004      10      24    24466.666667
   2004      10      25    23966.666667
   2004      10      26    23533.333333
   2004      10      27    23200.000000
   2004      10      28    23233.333333
   2004      10      29    23100.000000
   2004      10      30    22800.000000
   2004      10      31    22500.000000
   2004      11       1    22066.666667
   2004      11       2    21366.666667
   2004      11       3    20766.666667
   2004      11       4    20200.000000
   2004      11       5    19600.000000
   2004      11       6    18933.333333
   2004      11       7    18433.333333
   2004      11       8    17833.333333
   2004      11       9    17400.000000
   2004      11      10    17300.000000
   2004      11      11    16566.666667
   2004      11      12    16400.000000
   2004      11      13    16833.333333
   2004      11      14    17266.666667
   2004      11      15    17533.333333
   2004      11      16    17333.333333
   2004      11      17    17333.333333
   2004      11      18    17733.333333
   2004      11      19    18166.666667
   2004      11      20    18433.333333
   2004      11      21    18566.666667
   2004      11      22    18666.666667
   2004      11      23    18766.666667
   2004      11      24    19466.666667
   2004      11      25    19666.666667
   2004      11      26    19333.333333
   2004      11      27    18200.000000
   2004      11      28    17100.000000
   2004      11      29    16466.666667
   2004      11      30    16633.333333
   2004      12       1    16933.333333
   2004      12       2    17000.000000
   2004      12       3    16933.333333
   2004      12       4    16700.000000
   2004      12       5    16133.333333
   2004      12       6    15633.333333
   2004      12       7    14900.000000
   2004      12       8    14400.000000
   2004      12       9    14233.333333
   2004      12      10    14000.000000
   2004      12      11    13900.000000
   2004      12      12    14033.333333
   2004      12      13    14100.000000
   2004      12      14    14166.666667
   2004      12      15    14133.333333
   2004      12      16    13900.000000
   2004      12      17    13733.333333
   2004      12      18    13200.000000
   2004      12      19    12450.000000
   2004      12      20    11733.333333
   2004      12      21    11366.666667
   2004      12      22    11266.666667
   2004      12      23    11216.666667
   2004      12      24    11266.666667
   2004      12      25    11433.333333
   2004      12      26    11633.333333
   2004      12      27    11766.666667
   2004      12      28    11800.000000
   2004      12      29    11933.333333
   2004      12      30    12026.666667
   2004      12      31    12066.666667
