   2005       1       1    12106.666667
   2005       1       2    12146.666667
   2005       1       3    12186.666667
   2005       1       4    12200.000000
   2005       1       5    12333.333333
   2005       1       6    12333.333333
   2005       1       7    12233.333333
   2005       1       8    12200.000000
   2005       1       9    12133.333333
   2005       1      10    12166.666667
   2005       1      11    12200.000000
   2005       1      12    12266.666667
   2005       1      13    12300.000000
   2005       1      14    12233.333333
   2005       1      15    12133.333333
   2005       1      16    11966.666667
   2005       1      17    11700.000000
   2005       1      18    11466.666667
   2005       1      19    10400.000000
   2005       1      20     9766.666667
   2005       1      21     9700.000000
   2005       1      22     9900.000000
   2005       1      23    10133.333333
   2005       1      24    10466.666667
   2005       1      25    11200.000000
   2005       1      26    11900.000000
   2005       1      27    12366.666667
   2005       1      28    12700.000000
   2005       1      29    13000.000000
   2005       1      30    13233.333333
   2005       1      31    13566.666667
   2005       2       1    13700.000000
   2005       2       2    13633.333333
   2005       2       3    13533.333333
   2005       2       4    13566.666667
   2005       2       5    13533.333333
   2005       2       6    13700.000000
   2005       2       7    14266.666667
   2005       2       8    14500.000000
   2005       2       9    14633.333333
   2005       2      10    14766.666667
   2005       2      11    15066.666667
   2005       2      12    15200.000000
   2005       2      13    15133.333333
   2005       2      14    15233.333333
   2005       2      15    14966.666667
   2005       2      16    15333.333333
   2005       2      17    16133.333333
   2005       2      18    17733.333333
   2005       2      19    21000.000000
   2005       2      20    24633.333333
   2005       2      21    27333.333333
   2005       2      22    29300.000000
   2005       2      23    30033.333333
   2005       2      24    30700.000000
   2005       2      25    30866.666667
   2005       2      26    28533.333333
   2005       2      27    27133.333333
   2005       2      28    26733.333333
   2005       3       1    26200.000000
   2005       3       2    25600.000000
   2005       3       3    24733.333333
   2005       3       4    23200.000000
   2005       3       5    21733.333333
   2005       3       6    20700.000000
   2005       3       7    19733.333333
   2005       3       8    20266.666667
   2005       3       9    20433.333333
   2005       3      10    20033.333333
   2005       3      11    19700.000000
   2005       3      12    19200.000000
   2005       3      13    18866.666667
   2005       3      14    17733.333333
   2005       3      15    16866.666667
   2005       3      16    16500.000000
   2005       3      17    16400.000000
   2005       3      18    16266.666667
   2005       3      19    16133.333333
   2005       3      20    15900.000000
   2005       3      21    16000.000000
   2005       3      22    17300.000000
   2005       3      23    17966.666667
   2005       3      24    18800.000000
   2005       3      25    19266.666667
   2005       3      26    19433.333333
   2005       3      27    19700.000000
   2005       3      28    20400.000000
   2005       3      29    20833.333333
   2005       3      30    19100.000000
   2005       3      31    18066.666667
   2005       4       1    18000.000000
   2005       4       2    18200.000000
   2005       4       3    18233.333333
   2005       4       4    18200.000000
   2005       4       5    18266.666667
   2005       4       6    18766.666667
   2005       4       7    20733.333333
   2005       4       8    21866.666667
   2005       4       9    22533.333333
   2005       4      10    22800.000000
   2005       4      11    22800.000000
   2005       4      12    22533.333333
   2005       4      13    20466.666667
   2005       4      14    19366.666667
   2005       4      15    19166.666667
   2005       4      16    19166.666667
   2005       4      17    19200.000000
   2005       4      18    19133.333333
   2005       4      19    19833.333333
   2005       4      20    20200.000000
   2005       4      21    19933.333333
   2005       4      22    19266.666667
   2005       4      23    18866.666667
   2005       4      24    18866.666667
   2005       4      25    18900.000000
   2005       4      26    19100.000000
   2005       4      27    18333.333333
   2005       4      28    17766.666667
   2005       4      29    17700.000000
   2005       4      30    17700.000000
   2005       5       1    17766.666667
   2005       5       2    17933.333333
   2005       5       3    18200.000000
   2005       5       4    19366.666667
   2005       5       5    20233.333333
   2005       5       6    21066.666667
   2005       5       7    22400.000000
   2005       5       8    23566.666667
   2005       5       9    24766.666667
   2005       5      10    25066.666667
   2005       5      11    26266.666667
   2005       5      12    27700.000000
   2005       5      13    27833.333333
   2005       5      14    28100.000000
   2005       5      15    28566.666667
   2005       5      16    28966.666667
   2005       5      17    29700.000000
   2005       5      18    30866.666667
   2005       5      19    32633.333333
   2005       5      20    34366.666667
   2005       5      21    35766.666667
   2005       5      22    36266.666667
   2005       5      23    36500.000000
   2005       5      24    36933.333333
   2005       5      25    37500.000000
   2005       5      26    38366.666667
   2005       5      27    39633.333333
   2005       5      28    40100.000000
   2005       5      29    40700.000000
   2005       5      30    41666.666667
   2005       5      31    42533.333333
   2005       6       1    43666.666667
   2005       6       2    44300.000000
   2005       6       3    44733.333333
   2005       6       4    45300.000000
   2005       6       5    45966.666667
   2005       6       6    46800.000000
   2005       6       7    47166.666667
   2005       6       8    47800.000000
   2005       6       9    48500.000000
   2005       6      10    49300.000000
   2005       6      11    49400.000000
   2005       6      12    49033.333333
   2005       6      13    48966.666667
   2005       6      14    48866.666667
   2005       6      15    48533.333333
   2005       6      16    47666.666667
   2005       6      17    46766.666667
   2005       6      18    45966.666667
   2005       6      19    45033.333333
   2005       6      20    44233.333333
   2005       6      21    43866.666667
   2005       6      22    43666.666667
   2005       6      23    43933.333333
   2005       6      24    44300.000000
   2005       6      25    44600.000000
   2005       6      26    45033.333333
   2005       6      27    45933.333333
   2005       6      28    46700.000000
   2005       6      29    46900.000000
   2005       6      30    46433.333333
   2005       7       1    45800.000000
   2005       7       2    44733.333333
   2005       7       3    43500.000000
   2005       7       4    42433.333333
   2005       7       5    41700.000000
   2005       7       6    41166.666667
   2005       7       7    40333.333333
   2005       7       8    38066.666667
   2005       7       9    36966.666667
   2005       7      10    36633.333333
   2005       7      11    36566.666667
   2005       7      12    36533.333333
   2005       7      13    36233.333333
   2005       7      14    36700.000000
   2005       7      15    37866.666667
   2005       7      16    39166.666667
   2005       7      17    40200.000000
   2005       7      18    40566.666667
   2005       7      19    40066.666667
   2005       7      20    39066.666667
   2005       7      21    39033.333333
   2005       7      22    40066.666667
   2005       7      23    40433.333333
   2005       7      24    40600.000000
   2005       7      25    41233.333333
   2005       7      26    41566.666667
   2005       7      27    42400.000000
   2005       7      28    41400.000000
   2005       7      29    41233.333333
   2005       7      30    41433.333333
   2005       7      31    41266.666667
   2005       8       1    40466.666667
   2005       8       2    39900.000000
   2005       8       3    39600.000000
   2005       8       4    39433.333333
   2005       8       5    39333.333333
   2005       8       6    39233.333333
   2005       8       7    39933.333333
   2005       8       8    40500.000000
   2005       8       9    38333.333333
   2005       8      10    36733.333333
   2005       8      11    35966.666667
   2005       8      12    35233.333333
   2005       8      13    34866.666667
   2005       8      14    34533.333333
   2005       8      15    34866.666667
   2005       8      16    34966.666667
   2005       8      17    35366.666667
   2005       8      18    38200.000000
   2005       8      19    40033.333333
   2005       8      20    41166.666667
   2005       8      21    42466.666667
   2005       8      22    44100.000000
   2005       8      23    45900.000000
   2005       8      24    45100.000000
   2005       8      25    45133.333333
   2005       8      26    45833.333333
   2005       8      27    46266.666667
   2005       8      28    46533.333333
   2005       8      29    48333.333333
   2005       8      30    49533.333333
   2005       8      31    50100.000000
   2005       9       1    50366.666667
   2005       9       2    49733.333333
   2005       9       3    51200.000000
   2005       9       4    54166.666667
   2005       9       5    56400.000000
   2005       9       6    57000.000000
   2005       9       7    57266.666667
   2005       9       8    57400.000000
   2005       9       9    58333.333333
   2005       9      10    58066.666667
   2005       9      11    57100.000000
   2005       9      12    56000.000000
   2005       9      13    55333.333333
   2005       9      14    53666.666667
   2005       9      15    52366.666667
   2005       9      16    50833.333333
   2005       9      17    49933.333333
   2005       9      18    48733.333333
   2005       9      19    47466.666667
   2005       9      20    45833.333333
   2005       9      21    44533.333333
   2005       9      22    42800.000000
   2005       9      23    41433.333333
   2005       9      24    40566.666667
   2005       9      25    39700.000000
   2005       9      26    39000.000000
   2005       9      27    36000.000000
   2005       9      28    34066.666667
   2005       9      29    33466.666667
   2005       9      30    33833.333333
   2005      10       1    33566.666667
   2005      10       2    32966.666667
   2005      10       3    32466.666667
   2005      10       4    32033.333333
   2005      10       5    32500.000000
   2005      10       6    32733.333333
   2005      10       7    32900.000000
   2005      10       8    33200.000000
   2005      10       9    33700.000000
   2005      10      10    34100.000000
   2005      10      11    34533.333333
   2005      10      12    34500.000000
   2005      10      13    34466.666667
   2005      10      14    34100.000000
   2005      10      15    33633.333333
   2005      10      16    33366.666667
   2005      10      17    33233.333333
   2005      10      18    32866.666667
   2005      10      19    32566.666667
   2005      10      20    32000.000000
   2005      10      21    31250.000000
   2005      10      22    30500.000000
   2005      10      23    29750.000000
   2005      10      24    29166.666667
   2005      10      25    28800.000000
   2005      10      26    28300.000000
   2005      10      27    27633.333333
   2005      10      28    26933.333333
   2005      10      29    26233.333333
   2005      10      30    25866.666667
   2005      10      31    25600.000000
   2005      11       1    25433.333333
   2005      11       2    25200.000000
   2005      11       3    25033.333333
   2005      11       4    24933.333333
   2005      11       5    24833.333333
   2005      11       6    24666.666667
   2005      11       7    24400.000000
   2005      11       8    23433.333333
   2005      11       9    22800.000000
   2005      11      10    22433.333333
   2005      11      11    21900.000000
   2005      11      12    22233.333333
   2005      11      13    23033.333333
   2005      11      14    23700.000000
   2005      11      15    24233.333333
   2005      11      16    24866.666667
   2005      11      17    25566.666667
   2005      11      18    25888.888889
   2005      11      19    26022.222222
   2005      11      20    26155.555556
   2005      11      21    26000.000000
   2005      11      22    25500.000000
   2005      11      23    25033.333333
   2005      11      24    24366.666667
   2005      11      25    23566.666667
   2005      11      26    22700.000000
   2005      11      27    21933.333333
   2005      11      28    21300.000000
   2005      11      29    20900.000000
   2005      11      30    20600.000000
   2005      12       1    19766.666667
   2005      12       2    19000.000000
   2005      12       3    18466.666667
   2005      12       4    17966.666667
   2005      12       5    17066.666667
   2005      12       6    16100.000000
   2005      12       7    15066.666667
   2005      12       8    14633.333333
   2005      12       9    14333.333333
   2005      12      10    14066.666667
   2005      12      11    13866.666667
   2005      12      12    13666.666667
   2005      12      13    13466.666667
   2005      12      14    13266.666667
   2005      12      15    13533.333333
   2005      12      16    13500.000000
   2005      12      17    13400.000000
   2005      12      18    13333.333333
   2005      12      19    13166.666667
   2005      12      20    13100.000000
   2005      12      21    12966.666667
   2005      12      22    12433.333333
   2005      12      23    11733.333333
   2005      12      24    12366.666667
   2005      12      25    13066.666667
   2005      12      26    12933.333333
   2005      12      27    13000.000000
   2005      12      28    12900.000000
   2005      12      29    12866.666667
   2005      12      30    12966.666667
   2005      12      31    13000.000000
