   2006       1       1    11933.333333
   2006       1       2    11333.333333
   2006       1       3    11100.000000
   2006       1       4    11200.000000
   2006       1       5    11566.666667
   2006       1       6    11366.666667
   2006       1       7    10533.333333
   2006       1       8     9866.666667
   2006       1       9     9566.666667
   2006       1      10     9506.666667
   2006       1      11     9623.333333
   2006       1      12    10026.666667
   2006       1      13    10013.333333
   2006       1      14    10040.000000
   2006       1      15    10233.333333
   2006       1      16    10366.666667
   2006       1      17    10533.333333
   2006       1      18    10933.333333
   2006       1      19    11900.000000
   2006       1      20    12766.666667
   2006       1      21    13266.666667
   2006       1      22    12400.000000
   2006       1      23    11900.000000
   2006       1      24    11966.666667
   2006       1      25    12000.000000
   2006       1      26    12133.333333
   2006       1      27    12200.000000
   2006       1      28    13066.666667
   2006       1      29    13433.333333
   2006       1      30    13733.333333
   2006       1      31    14033.333333
   2006       2       1    13833.333333
   2006       2       2    13633.333333
   2006       2       3    13200.000000
   2006       2       4    12800.000000
   2006       2       5    12033.333333
   2006       2       6    11100.000000
   2006       2       7    10400.000000
   2006       2       8     9866.666667
   2006       2       9     9693.333333
   2006       2      10    10430.000000
   2006       2      11    10800.000000
   2006       2      12    11200.000000
   2006       2      13    11200.000000
   2006       2      14    11100.000000
   2006       2      15    11033.333333
   2006       2      16    10933.333333
   2006       2      17    11100.000000
   2006       2      18    11200.000000
   2006       2      19    11133.333333
   2006       2      20    11233.333333
   2006       2      21    11366.666667
   2006       2      22    11333.333333
   2006       2      23    11300.000000
   2006       2      24    11966.666667
   2006       2      25    12100.000000
   2006       2      26    12533.333333
   2006       2      27    13333.333333
   2006       2      28    14733.333333
   2006       3       1    15966.666667
   2006       3       2    17433.333333
   2006       3       3    18866.666667
   2006       3       4    20366.666667
   2006       3       5    21700.000000
   2006       3       6    22500.000000
   2006       3       7    22100.000000
   2006       3       8    21733.333333
   2006       3       9    21500.000000
   2006       3      10    21266.666667
   2006       3      11    21000.000000
   2006       3      12    20733.333333
   2006       3      13    20483.333333
   2006       3      14    20366.666667
   2006       3      15    20316.666667
   2006       3      16    20433.333333
   2006       3      17    20566.666667
   2006       3      18    20866.666667
   2006       3      19    21133.333333
   2006       3      20    21666.666667
   2006       3      21    21833.333333
   2006       3      22    21800.000000
   2006       3      23    21600.000000
   2006       3      24    21166.666667
   2006       3      25    20866.666667
   2006       3      26    21133.333333
   2006       3      27    21766.666667
   2006       3      28    22666.666667
   2006       3      29    23066.666667
   2006       3      30    23033.333333
   2006       3      31    23066.666667
   2006       4       1    22900.000000
   2006       4       2    21800.000000
   2006       4       3    21500.000000
   2006       4       4    21333.333333
   2006       4       5    20733.333333
   2006       4       6    19966.666667
   2006       4       7    18966.666667
   2006       4       8    17933.333333
   2006       4       9    17333.333333
   2006       4      10    17933.333333
   2006       4      11    17966.666667
   2006       4      12    18266.666667
   2006       4      13    19366.666667
   2006       4      14    20933.333333
   2006       4      15    22833.333333
   2006       4      16    25566.666667
   2006       4      17    27666.666667
   2006       4      18    29200.000000
   2006       4      19    30500.000000
   2006       4      20    31033.333333
   2006       4      21    31100.000000
   2006       4      22    30788.888889
   2006       4      23    30322.222222
   2006       4      24    29855.555556
   2006       4      25    29366.666667
   2006       4      26    27933.333333
   2006       4      27    26900.000000
   2006       4      28    26566.666667
   2006       4      29    26300.000000
   2006       4      30    25800.000000
   2006       5       1    25600.000000
   2006       5       2    25533.333333
   2006       5       3    25313.333333
   2006       5       4    25033.333333
   2006       5       5    24753.333333
   2006       5       6    24473.333333
   2006       5       7    24193.333333
   2006       5       8    24100.000000
   2006       5       9    26033.333333
   2006       5      10    28333.333333
   2006       5      11    29266.666667
   2006       5      12    30200.000000
   2006       5      13    31266.666667
   2006       5      14    31200.000000
   2006       5      15    31733.333333
   2006       5      16    32900.000000
   2006       5      17    33833.333333
   2006       5      18    34566.666667
   2006       5      19    34466.666667
   2006       5      20    34433.333333
   2006       5      21    34433.333333
   2006       5      22    34266.666667
   2006       5      23    33733.333333
   2006       5      24    33566.666667
   2006       5      25    33333.333333
   2006       5      26    33133.333333
   2006       5      27    32866.666667
   2006       5      28    32516.666667
   2006       5      29    32466.666667
   2006       5      30    32566.666667
   2006       5      31    32866.666667
   2006       6       1    33066.666667
   2006       6       2    32766.666667
   2006       6       3    32400.000000
   2006       6       4    32033.333333
   2006       6       5    31900.000000
   2006       6       6    31966.666667
   2006       6       7    32400.000000
   2006       6       8    33066.666667
   2006       6       9    34433.333333
   2006       6      10    35600.000000
   2006       6      11    37633.333333
   2006       6      12    40500.000000
   2006       6      13    40900.000000
   2006       6      14    41000.000000
   2006       6      15    41600.000000
   2006       6      16    42000.000000
   2006       6      17    42166.666667
   2006       6      18    41466.666667
   2006       6      19    41166.666667
   2006       6      20    41266.666667
   2006       6      21    41433.333333
   2006       6      22    42433.333333
   2006       6      23    42833.333333
   2006       6      24    42800.000000
   2006       6      25    42666.666667
   2006       6      26    42333.333333
   2006       6      27    41400.000000
   2006       6      28    40866.666667
   2006       6      29    40333.333333
   2006       6      30    39966.666667
   2006       7       1    39500.000000
   2006       7       2    39166.666667
   2006       7       3    38900.000000
   2006       7       4    38733.333333
   2006       7       5    38100.000000
   2006       7       6    37400.000000
   2006       7       7    36800.000000
   2006       7       8    36133.333333
   2006       7       9    35433.333333
   2006       7      10    34733.333333
   2006       7      11    35166.666667
   2006       7      12    36433.333333
   2006       7      13    38033.333333
   2006       7      14    37066.666667
   2006       7      15    36300.000000
   2006       7      16    36900.000000
   2006       7      17    37400.000000
   2006       7      18    36833.333333
   2006       7      19    36433.333333
   2006       7      20    36466.666667
   2006       7      21    38166.666667
   2006       7      22    39111.111111
   2006       7      23    39277.777778
   2006       7      24    39444.444444
   2006       7      25    39300.000000
   2006       7      26    38733.333333
   2006       7      27    38500.000000
   2006       7      28    37566.666667
   2006       7      29    36633.333333
   2006       7      30    36066.666667
   2006       7      31    35766.666667
   2006       8       1    35366.666667
   2006       8       2    34933.333333
   2006       8       3    35266.666667
   2006       8       4    35233.333333
   2006       8       5    34766.666667
   2006       8       6    34066.666667
   2006       8       7    33333.333333
   2006       8       8    33100.000000
   2006       8       9    32833.333333
   2006       8      10    32500.000000
   2006       8      11    32133.333333
   2006       8      12    31800.000000
   2006       8      13    31233.333333
   2006       8      14    30200.000000
   2006       8      15    29466.666667
   2006       8      16    28700.000000
   2006       8      17    27733.333333
   2006       8      18    26933.333333
   2006       8      19    26100.000000
   2006       8      20    24800.000000
   2006       8      21    23633.333333
   2006       8      22    23033.333333
   2006       8      23    22166.666667
   2006       8      24    21400.000000
   2006       8      25    20933.333333
   2006       8      26    19933.333333
   2006       8      27    19366.666667
   2006       8      28    19166.666667
   2006       8      29    18833.333333
   2006       8      30    18566.666667
   2006       8      31    18500.000000
   2006       9       1    18366.666667
   2006       9       2    18166.666667
   2006       9       3    17833.333333
   2006       9       4    17433.333333
   2006       9       5    17366.666667
   2006       9       6    17600.000000
   2006       9       7    17833.333333
   2006       9       8    18100.000000
   2006       9       9    18333.333333
   2006       9      10    18600.000000
   2006       9      11    19033.333333
   2006       9      12    19466.666667
   2006       9      13    19933.333333
   2006       9      14    20033.333333
   2006       9      15    21000.000000
   2006       9      16    21300.000000
   2006       9      17    20933.333333
   2006       9      18    20733.333333
   2006       9      19    20700.000000
   2006       9      20    21033.333333
   2006       9      21    20933.333333
   2006       9      22    20200.000000
   2006       9      23    19833.333333
   2006       9      24    19733.333333
   2006       9      25    19433.333333
   2006       9      26    19033.333333
   2006       9      27    18566.666667
   2006       9      28    17800.000000
   2006       9      29    17233.333333
   2006       9      30    16700.000000
   2006      10       1    15100.000000
   2006      10       2    13600.000000
   2006      10       3    12733.333333
   2006      10       4    12433.333333
   2006      10       5    13800.000000
   2006      10       6    14633.333333
   2006      10       7    15166.666667
   2006      10       8    15600.000000
   2006      10       9    15833.333333
   2006      10      10    14233.333333
   2006      10      11    13400.000000
   2006      10      12    13200.000000
   2006      10      13    12966.666667
   2006      10      14    12766.666667
   2006      10      15    12633.333333
   2006      10      16    13266.666667
   2006      10      17    13800.000000
   2006      10      18    14100.000000
   2006      10      19    14333.333333
   2006      10      20    14666.666667
   2006      10      21    16133.333333
   2006      10      22    16811.111111
   2006      10      23    16827.777778
   2006      10      24    16844.444444
   2006      10      25    16861.111111
   2006      10      26    16877.777778
   2006      10      27    16894.444444
   2006      10      28    16900.000000
   2006      10      29    16833.333333
   2006      10      30    16800.000000
   2006      10      31    16800.000000
   2006      11       1    16800.000000
   2006      11       2    16600.000000
   2006      11       3    16700.000000
   2006      11       4    16800.000000
   2006      11       5    16866.666667
   2006      11       6    16833.333333
   2006      11       7    16666.666667
   2006      11       8    16400.000000
   2006      11       9    16100.000000
   2006      11      10    14933.333333
   2006      11      11    14266.666667
   2006      11      12    14000.000000
   2006      11      13    13700.000000
   2006      11      14    13200.000000
   2006      11      15    12866.666667
   2006      11      16    12066.666667
   2006      11      17    11633.333333
   2006      11      18    11800.000000
   2006      11      19    12100.000000
   2006      11      20    12066.666667
   2006      11      21    12000.000000
   2006      11      22    11866.666667
   2006      11      23    11866.666667
   2006      11      24    11966.666667
   2006      11      25    11400.000000
   2006      11      26    11500.000000
   2006      11      27    12566.666667
   2006      11      28    13066.666667
   2006      11      29    13033.333333
   2006      11      30    13800.000000
   2006      12       1    14466.666667
   2006      12       2    14866.666667
   2006      12       3    15466.666667
   2006      12       4    16166.666667
   2006      12       5    16466.666667
   2006      12       6    15766.666667
   2006      12       7    15133.333333
   2006      12       8    15000.000000
   2006      12       9    15133.333333
   2006      12      10    14400.000000
   2006      12      11    13600.000000
   2006      12      12    13466.666667
   2006      12      13    13233.333333
   2006      12      14    13166.666667
   2006      12      15    13266.666667
   2006      12      16    12766.666667
   2006      12      17    12366.666667
   2006      12      18    12300.000000
   2006      12      19    12633.333333
   2006      12      20    12866.666667
   2006      12      21    13033.333333
   2006      12      22    12966.666667
   2006      12      23    12855.555556
   2006      12      24    12788.888889
   2006      12      25    12722.222222
   2006      12      26    12700.000000
   2006      12      27    12833.333333
   2006      12      28    11433.333333
   2006      12      29    10633.333333
   2006      12      30    10533.333333
   2006      12      31    10566.666667
