   2007       1       1    10533.333333
   2007       1       2    10433.333333
   2007       1       3    10333.333333
   2007       1       4    10233.333333
   2007       1       5    10266.666667
   2007       1       6    10322.222222
   2007       1       7    10355.555556
   2007       1       8    10388.888889
   2007       1       9    10400.000000
   2007       1      10    10266.666667
   2007       1      11    10133.333333
   2007       1      12    10233.333333
   2007       1      13    10300.000000
   2007       1      14    10300.000000
   2007       1      15    10300.000000
   2007       1      16    10100.000000
   2007       1      17    10066.666667
   2007       1      18    10033.333333
   2007       1      19    10266.666667
   2007       1      20    10400.000000
   2007       1      21    10400.000000
   2007       1      22    10400.000000
   2007       1      23    10733.333333
   2007       1      24    10833.333333
   2007       1      25    10933.333333
   2007       1      26    10933.333333
   2007       1      27    11011.111111
   2007       1      28    11177.777778
   2007       1      29    11344.444444
   2007       1      30    11466.666667
   2007       1      31    11300.000000
   2007       2       1    11133.333333
   2007       2       2    12233.333333
   2007       2       3    12622.222222
   2007       2       4    12355.555556
   2007       2       5    12088.888889
   2007       2       6    11600.000000
   2007       2       7    11266.666667
   2007       2       8    11066.666667
   2007       2       9    10933.333333
   2007       2      10    10811.111111
   2007       2      11    10677.777778
   2007       2      12    10544.444444
   2007       2      13    10566.666667
   2007       2      14    10600.000000
   2007       2      15    10600.000000
   2007       2      16    10666.666667
   2007       2      17    10766.666667
   2007       2      18    11000.000000
   2007       2      19    11300.000000
   2007       2      20    11600.000000
   2007       2      21    11900.000000
   2007       2      22    12200.000000
   2007       2      23    12500.000000
   2007       2      24    12800.000000
   2007       2      25    13100.000000
   2007       2      26    13266.666667
   2007       2      27    14166.666667
   2007       2      28    14800.000000
   2007       3       1    15033.333333
   2007       3       2    15233.333333
   2007       3       3    15500.000000
   2007       3       4    15800.000000
   2007       3       5    16100.000000
   2007       3       6    17133.333333
   2007       3       7    18000.000000
   2007       3       8    18733.333333
   2007       3       9    18866.666667
   2007       3      10    18777.777778
   2007       3      11    18744.444444
   2007       3      12    18711.111111
   2007       3      13    18766.666667
   2007       3      14    18666.666667
   2007       3      15    18466.666667
   2007       3      16    17733.333333
   2007       3      17    17400.000000
   2007       3      18    17400.000000
   2007       3      19    17400.000000
   2007       3      20    17733.333333
   2007       3      21    17766.666667
   2007       3      22    17966.666667
   2007       3      23    18300.000000
   2007       3      24    18355.555556
   2007       3      25    18288.888889
   2007       3      26    18222.222222
   2007       3      27    18333.333333
   2007       3      28    18266.666667
   2007       3      29    18200.000000
   2007       3      30    18533.333333
   2007       3      31    18800.000000
   2007       4       1    18950.000000
   2007       4       2    19200.000000
   2007       4       3    19433.333333
   2007       4       4    19500.000000
   2007       4       5    19300.000000
   2007       4       6    19333.333333
   2007       4       7    19155.555556
   2007       4       8    18788.888889
   2007       4       9    18422.222222
   2007       4      10    18100.000000
   2007       4      11    17800.000000
   2007       4      12    17366.666667
   2007       4      13    16800.000000
   2007       4      14    16222.222222
   2007       4      15    15655.555556
   2007       4      16    15088.888889
   2007       4      17    14900.000000
   2007       4      18    14900.000000
   2007       4      19    15100.000000
   2007       4      20    15066.666667
   2007       4      21    15155.555556
   2007       4      22    15388.888889
   2007       4      23    15622.222222
   2007       4      24    16233.333333
   2007       4      25    16166.666667
   2007       4      26    15933.333333
   2007       4      27    16033.333333
   2007       4      28    16900.000000
   2007       4      29    18100.000000
   2007       4      30    19300.000000
   2007       5       1    20141.666667
   2007       5       2    20804.166667
   2007       5       3    21466.666667
   2007       5       4    22129.166667
   2007       5       5    22791.666667
   2007       5       6    23454.166667
   2007       5       7    24116.666667
   2007       5       8    24779.166667
   2007       5       9    24800.000000
   2007       5      10    24166.666667
   2007       5      11    23633.333333
   2007       5      12    22922.222222
   2007       5      13    22055.555556
   2007       5      14    21188.888889
   2007       5      15    20233.333333
   2007       5      16    19700.000000
   2007       5      17    19066.666667
   2007       5      18    18400.000000
   2007       5      19    18044.444444
   2007       5      20    17811.111111
   2007       5      21    17577.777778
   2007       5      22    17433.333333
   2007       5      23    17266.666667
   2007       5      24    17133.333333
   2007       5      25    16966.666667
   2007       5      26    16833.333333
   2007       5      27    16733.333333
   2007       5      28    16633.333333
   2007       5      29    17133.333333
   2007       5      30    17733.333333
   2007       5      31    18100.000000
   2007       6       1    18833.333333
   2007       6       2    19783.333333
   2007       6       3    20733.333333
   2007       6       4    21683.333333
   2007       6       5    22666.666667
   2007       6       6    23133.333333
   2007       6       7    23866.666667
   2007       6       8    24466.666667
   2007       6       9    24688.888889
   2007       6      10    24822.222222
   2007       6      11    24955.555556
   2007       6      12    25400.000000
   2007       6      13    26600.000000
   2007       6      14    27966.666667
   2007       6      15    29866.666667
   2007       6      16    31333.333333
   2007       6      17    32433.333333
   2007       6      18    33533.333333
   2007       6      19    34633.333333
   2007       6      20    35733.333333
   2007       6      21    36033.333333
   2007       6      22    36466.666667
   2007       6      23    37516.666667
   2007       6      24    38741.666667
   2007       6      25    39966.666667
   2007       6      26    41191.666667
   2007       6      27    41066.666667
   2007       6      28    41133.333333
   2007       6      29    41366.666667
   2007       6      30    41377.777778
   2007       7       1    41344.444444
   2007       7       2    41311.111111
   2007       7       3    41566.666667
   2007       7       4    41966.666667
   2007       7       5    42100.000000
   2007       7       6    42033.333333
   2007       7       7    41044.444445
   2007       7       8    39611.111111
   2007       7       9    38177.777778
   2007       7      10    38100.000000
   2007       7      11    39100.000000
   2007       7      12    39433.333333
   2007       7      13    38733.333333
   2007       7      14    38933.333333
   2007       7      15    39733.333333
   2007       7      16    41666.666667
   2007       7      17    42700.000000
   2007       7      18    43600.000000
   2007       7      19    44400.000000
   2007       7      20    44333.333333
   2007       7      21    44000.000000
   2007       7      22    43700.000000
   2007       7      23    43800.000000
   2007       7      24    44300.000000
   2007       7      25    44966.666667
   2007       7      26    45600.000000
   2007       7      27    46266.666667
   2007       7      28    47211.111111
   2007       7      29    48277.777778
   2007       7      30    49344.444444
   2007       7      31    50433.333333
   2007       8       1    51266.666667
   2007       8       2    52166.666667
   2007       8       3    52966.666667
   2007       8       4    51800.000000
   2007       8       5    51433.333333
   2007       8       6    52533.333333
   2007       8       7    54333.333333
   2007       8       8    55200.000000
   2007       8       9    55433.333333
   2007       8      10    52500.000000
   2007       8      11    53000.000000
   2007       8      12    52400.000000
   2007       8      13    50666.666667
   2007       8      14    49800.000000
   2007       8      15    49266.666667
   2007       8      16    48966.666667
   2007       8      17    48833.333333
   2007       8      18    47266.666667
   2007       8      19    45333.333333
   2007       8      20    43583.333333
   2007       8      21    42666.666667
   2007       8      22    42033.333333
   2007       8      23    41200.000000
   2007       8      24    40966.666667
   2007       8      25    42666.666667
   2007       8      26    43100.000000
   2007       8      27    42900.000000
   2007       8      28    42900.000000
   2007       8      29    43033.333333
   2007       8      30    43100.000000
   2007       8      31    43100.000000
   2007       9       1    42700.000000
   2007       9       2    42100.000000
   2007       9       3    41833.333333
   2007       9       4    41266.666667
   2007       9       5    41333.333333
   2007       9       6    41566.666667
   2007       9       7    41533.333333
   2007       9       8    41388.888889
   2007       9       9    41222.222222
   2007       9      10    41055.555556
   2007       9      11    41133.333333
   2007       9      12    41133.333333
   2007       9      13    40966.666667
   2007       9      14    40633.333333
   2007       9      15    40388.888889
   2007       9      16    40222.222222
   2007       9      17    40055.555556
   2007       9      18    40133.333333
   2007       9      19    40000.000000
   2007       9      20    40433.333333
   2007       9      21    41100.000000
   2007       9      22    41211.111111
   2007       9      23    41077.777778
   2007       9      24    40944.444444
   2007       9      25    41100.000000
   2007       9      26    41333.333333
   2007       9      27    41666.666667
   2007       9      28    41600.000000
   2007       9      29    40833.333333
   2007       9      30    40033.333333
   2007      10       1    39108.333333
   2007      10       2    38070.833333
   2007      10       3    37033.333333
   2007      10       4    35995.833333
   2007      10       5    34958.333333
   2007      10       6    33920.833333
   2007      10       7    32883.333333
   2007      10       8    31845.833333
   2007      10       9    31100.000000
   2007      10      10    30433.333333
   2007      10      11    29733.333333
   2007      10      12    29033.333333
   2007      10      13    28133.333333
   2007      10      14    27133.333333
   2007      10      15    26133.333333
   2007      10      16    25133.333333
   2007      10      17    24400.000000
   2007      10      18    23866.666667
   2007      10      19    23300.000000
   2007      10      20    22500.000000
   2007      10      21    21600.000000
   2007      10      22    20700.000000
   2007      10      23    20133.333333
   2007      10      24    19666.666667
   2007      10      25    19833.333333
   2007      10      26    19800.000000
   2007      10      27    19588.888889
   2007      10      28    19422.222222
   2007      10      29    19255.555556
   2007      10      30    19066.666667
   2007      10      31    18800.000000
   2007      11       1    18766.666667
   2007      11       2    18333.333333
   2007      11       3    17766.666667
   2007      11       4    17266.666667
   2007      11       5    16766.666667
   2007      11       6    16500.000000
   2007      11       7    16350.000000
   2007      11       8    16633.333333
   2007      11       9    16866.666667
   2007      11      10    16811.111111
   2007      11      11    16677.777778
   2007      11      12    16544.444444
   2007      11      13    16366.666667
   2007      11      14    16166.666667
   2007      11      15    16033.333333
   2007      11      16    15733.333333
   2007      11      17    15244.444444
   2007      11      18    14711.111111
   2007      11      19    14177.777778
   2007      11      20    13600.000000
   2007      11      21    13000.000000
   2007      11      22    12800.000000
   2007      11      23    13266.666667
   2007      11      24    13455.555556
   2007      11      25    13388.888889
   2007      11      26    13322.222222
   2007      11      27    13300.000000
   2007      11      28    13566.666667
   2007      11      29    13766.666667
   2007      11      30    13600.000000
   2007      12       1    13277.777778
   2007      12       2    12944.444444
   2007      12       3    12611.111111
   2007      12       4    11966.666667
   2007      12       5    11433.333333
   2007      12       6    11433.333333
   2007      12       7    11233.333333
   2007      12       8    11055.555556
   2007      12       9    10988.888889
   2007      12      10    10922.222222
   2007      12      11    10766.666667
   2007      12      12    10833.333333
   2007      12      13    11033.333333
   2007      12      14    11100.000000
   2007      12      15    11055.555556
   2007      12      16    10988.888889
   2007      12      17    10922.222222
   2007      12      18    10900.000000
   2007      12      19    10900.000000
   2007      12      20    10500.000000
   2007      12      21    10366.666667
   2007      12      22    10377.777778
   2007      12      23    10344.444444
   2007      12      24    10311.111111
   2007      12      25    11033.333333
   2007      12      26    11266.666667
   2007      12      27    11400.000000
   2007      12      28    11700.000000
   2007      12      29    10933.333333
   2007      12      30    10466.666667
   2007      12      31    10416.666667
