   2008       1       1    10366.666667
   2008       1       2    10316.666667
   2008       1       3    10166.666667
   2008       1       4    10033.333333
   2008       1       5    10022.222222
   2008       1       6    10055.555556
   2008       1       7    10088.888889
   2008       1       8    10233.333333
   2008       1       9    10300.000000
   2008       1      10    10366.666667
   2008       1      11    10333.333333
   2008       1      12    10344.444444
   2008       1      13    10411.111111
   2008       1      14    10477.777778
   2008       1      15    10500.000000
   2008       1      16    10033.333333
   2008       1      17     9646.666667
   2008       1      18     9683.333333
   2008       1      19     9997.777778
   2008       1      20    10384.444444
   2008       1      21    10771.111111
   2008       1      22    11100.000000
   2008       1      23    11333.333333
   2008       1      24    11600.000000
   2008       1      25    11833.333333
   2008       1      26    11944.444444
   2008       1      27    12011.111111
   2008       1      28    12077.777778
   2008       1      29    12166.666667
   2008       1      30    12066.666667
   2008       1      31    12000.000000
   2008       2       1    11933.333333
   2008       2       2    11433.333333
   2008       2       3    11200.000000
   2008       2       4    11133.333333
   2008       2       5    11100.000000
   2008       2       6    11266.666667
   2008       2       7    11516.666667
   2008       2       8    11766.666667
   2008       2       9    12016.666667
   2008       2      10    12266.666667
   2008       2      11    12516.666667
   2008       2      12    12766.666667
   2008       2      13    13016.666667
   2008       2      14    13033.333333
   2008       2      15    12800.000000
   2008       2      16    12544.444444
   2008       2      17    12311.111111
   2008       2      18    12077.777778
   2008       2      19    11866.666667
   2008       2      20    11666.666667
   2008       2      21    11600.000000
   2008       2      22    11533.333333
   2008       2      23    11600.000000
   2008       2      24    11750.000000
   2008       2      25    11933.333333
   2008       2      26    12000.000000
   2008       2      27    11800.000000
   2008       2      28    11500.000000
   2008       2      29    11533.333333
   2008       3       1    11377.777778
   2008       3       2    11044.444444
   2008       3       3    10711.111111
   2008       3       4    10533.333333
   2008       3       5    10500.000000
   2008       3       6    10700.000000
   2008       3       7    10800.000000
   2008       3       8    10933.333333
   2008       3       9    11133.333333
   2008       3      10    11333.333333
   2008       3      11    11400.000000
   2008       3      12    11400.000000
   2008       3      13    11466.666667
   2008       3      14    11566.666667
   2008       3      15    11400.000000
   2008       3      16    11100.000000
   2008       3      17    10800.000000
   2008       3      18    10700.000000
   2008       3      19    10833.333333
   2008       3      20    11033.333333
   2008       3      21    11566.666667
   2008       3      22    12288.888889
   2008       3      23    13022.222222
   2008       3      24    13755.555556
   2008       3      25    15400.000000
   2008       3      26    17033.333333
   2008       3      27    18500.000000
   2008       3      28    19733.333333
   2008       3      29    20433.333333
   2008       3      30    20933.333333
   2008       3      31    21433.333333
   2008       4       1    20000.000000
   2008       4       2    19333.333333
   2008       4       3    19733.333333
   2008       4       4    20650.000000
   2008       4       5    21775.000000
   2008       4       6    22900.000000
   2008       4       7    24025.000000
   2008       4       8    23400.000000
   2008       4       9    23566.666667
   2008       4      10    23633.333333
   2008       4      11    22766.666667
   2008       4      12    22288.888889
   2008       4      13    22122.222222
   2008       4      14    21955.555556
   2008       4      15    21900.000000
   2008       4      16    22500.000000
   2008       4      17    23533.333333
   2008       4      18    24633.333333
   2008       4      19    25600.000000
   2008       4      20    26500.000000
   2008       4      21    27400.000000
   2008       4      22    27633.333333
   2008       4      23    27733.333333
   2008       4      24    27733.333333
   2008       4      25    27633.333333
   2008       4      26    27533.333333
   2008       4      27    27433.333333
   2008       4      28    27333.333333
   2008       4      29    27033.333333
   2008       4      30    26833.333333
   2008       5       1    26783.333333
   2008       5       2    26758.333333
   2008       5       3    26733.333333
   2008       5       4    26708.333333
   2008       5       5    26633.333333
   2008       5       6    26933.333333
   2008       5       7    27100.000000
   2008       5       8    27033.333333
   2008       5       9    27000.000000
   2008       5      10    26933.333333
   2008       5      11    26833.333333
   2008       5      12    26733.333333
   2008       5      13    26433.333333
   2008       5      14    26166.666667
   2008       5      15    26166.666667
   2008       5      16    26133.333333
   2008       5      17    25877.777778
   2008       5      18    25544.444444
   2008       5      19    25211.111111
   2008       5      20    24833.333333
   2008       5      21    24366.666667
   2008       5      22    24000.000000
   2008       5      23    23166.666667
   2008       5      24    22577.777778
   2008       5      25    22244.444444
   2008       5      26    21911.111111
   2008       5      27    21533.333333
   2008       5      28    21266.666667
   2008       5      29    21600.000000
   2008       5      30    22066.666667
   2008       5      31    22888.888889
   2008       6       1    23922.222222
   2008       6       2    24955.555556
   2008       6       3    25966.666667
   2008       6       4    26700.000000
   2008       6       5    27166.666667
   2008       6       6    26700.000000
   2008       6       7    26566.666667
   2008       6       8    26816.666667
   2008       6       9    27066.666667
   2008       6      10    27316.666667
   2008       6      11    28533.333333
   2008       6      12    29366.666667
   2008       6      13    30166.666667
   2008       6      14    31522.222222
   2008       6      15    33055.555555
   2008       6      16    34588.888889
   2008       6      17    34900.000000
   2008       6      18    36066.666667
   2008       6      19    37633.333333
   2008       6      20    39300.000000
   2008       6      21    40411.111111
   2008       6      22    41177.777778
   2008       6      23    41944.444444
   2008       6      24    42200.000000
   2008       6      25    41666.666667
   2008       6      26    40800.000000
   2008       6      27    40433.333333
   2008       6      28    40266.666667
   2008       6      29    40066.666667
   2008       6      30    39866.666667
   2008       7       1    39466.666667
   2008       7       2    39233.333333
   2008       7       3    39000.000000
   2008       7       4    38900.000000
   2008       7       5    38455.555556
   2008       7       6    37788.888889
   2008       7       7    37122.222222
   2008       7       8    36433.333333
   2008       7       9    36200.000000
   2008       7      10    36800.000000
   2008       7      11    37366.666667
   2008       7      12    37633.333333
   2008       7      13    37833.333333
   2008       7      14    38033.333333
   2008       7      15    38300.000000
   2008       7      16    38066.666667
   2008       7      17    37900.000000
   2008       7      18    37700.000000
   2008       7      19    37177.777778
   2008       7      20    36544.444444
   2008       7      21    35911.111111
   2008       7      22    35433.333333
   2008       7      23    35166.666667
   2008       7      24    34900.000000
   2008       7      25    34733.333333
   2008       7      26    35100.000000
   2008       7      27    35700.000000
   2008       7      28    36300.000000
   2008       7      29    36633.333333
   2008       7      30    37166.666667
   2008       7      31    37600.000000
   2008       8       1    38633.333333
   2008       8       2    39077.777778
   2008       8       3    39044.444444
   2008       8       4    39011.111111
   2008       8       5    39066.666667
   2008       8       6    39033.333333
   2008       8       7    38666.666667
   2008       8       8    38366.666667
   2008       8       9    38033.333333
   2008       8      10    37633.333333
   2008       8      11    37233.333333
   2008       8      12    36700.000000
   2008       8      13    36700.000000
   2008       8      14    37066.666667
   2008       8      15    37200.000000
   2008       8      16    37444.444444
   2008       8      17    37811.111111
   2008       8      18    38177.777778
   2008       8      19    39433.333333
   2008       8      20    40800.000000
   2008       8      21    41733.333333
   2008       8      22    42266.666667
   2008       8      23    42622.222222
   2008       8      24    42955.555556
   2008       8      25    43288.888889
   2008       8      26    43200.000000
   2008       8      27    42766.666667
   2008       8      28    42533.333333
   2008       8      29    42433.333333
   2008       8      30    42777.777778
   2008       8      31    43344.444444
   2008       9       1    43911.111111
   2008       9       2    45366.666667
   2008       9       3    46400.000000
   2008       9       4    46466.666667
   2008       9       5    46600.000000
   2008       9       6    46744.444444
   2008       9       7    46811.111111
   2008       9       8    46877.777778
   2008       9       9    46633.333333
   2008       9      10    46566.666667
   2008       9      11    47533.333333
   2008       9      12    47133.333333
   2008       9      13    46700.000000
   2008       9      14    46700.000000
   2008       9      15    46700.000000
   2008       9      16    46700.000000
   2008       9      17    46433.333333
   2008       9      18    45500.000000
   2008       9      19    44166.666667
   2008       9      20    43344.444444
   2008       9      21    42811.111111
   2008       9      22    42277.777778
   2008       9      23    41766.666667
   2008       9      24    41133.333333
   2008       9      25    39700.000000
   2008       9      26    38500.000000
   2008       9      27    37400.000000
   2008       9      28    37000.000000
   2008       9      29    36791.666667
   2008       9      30    36479.166667
   2008      10       1    36166.666667
   2008      10       2    35854.166667
   2008      10       3    35541.666667
   2008      10       4    35229.166667
   2008      10       5    34916.666667
   2008      10       6    34604.166667
   2008      10       7    33766.666667
   2008      10       8    32400.000000
   2008      10       9    31300.000000
   2008      10      10    30733.333333
   2008      10      11    30244.444444
   2008      10      12    29711.111111
   2008      10      13    29177.777778
   2008      10      14    28866.666667
   2008      10      15    28800.000000
   2008      10      16    28566.666667
   2008      10      17    28216.666667
   2008      10      18    27477.777778
   2008      10      19    26544.444444
   2008      10      20    25611.111111
   2008      10      21    24900.000000
   2008      10      22    24100.000000
   2008      10      23    23133.333333
   2008      10      24    22133.333333
   2008      10      25    21511.111111
   2008      10      26    21077.777778
   2008      10      27    20644.444444
   2008      10      28    20100.000000
   2008      10      29    19033.333333
   2008      10      30    18200.000000
   2008      10      31    18000.000000
   2008      11       1    17888.888889
   2008      11       2    17722.222222
   2008      11       3    17555.555556
   2008      11       4    17633.333333
   2008      11       5    18033.333333
   2008      11       6    18866.666667
   2008      11       7    20600.000000
   2008      11       8    23344.444444
   2008      11       9    26411.111111
   2008      11      10    29477.777778
   2008      11      11    32500.000000
   2008      11      12    35033.333333
   2008      11      13    37200.000000
   2008      11      14    38633.333333
   2008      11      15    38822.222222
   2008      11      16    38555.555556
   2008      11      17    38288.888889
   2008      11      18    37133.333333
   2008      11      19    36333.333333
   2008      11      20    34933.333333
   2008      11      21    34433.333333
   2008      11      22    34255.555556
   2008      11      23    33888.888889
   2008      11      24    33522.222222
   2008      11      25    33133.333333
   2008      11      26    32600.000000
   2008      11      27    32133.333333
   2008      11      28    31466.666667
   2008      11      29    30777.777778
   2008      11      30    30144.444444
   2008      12       1    29511.111111
   2008      12       2    27500.000000
   2008      12       3    25933.333333
   2008      12       4    24800.000000
   2008      12       5    23533.333333
   2008      12       6    22500.000000
   2008      12       7    21466.666667
   2008      12       8    20366.666667
   2008      12       9    20066.666667
   2008      12      10    19366.666667
   2008      12      11    18600.000000
   2008      12      12    18333.333333
   2008      12      13    18077.777778
   2008      12      14    17744.444444
   2008      12      15    17411.111111
   2008      12      16    16966.666667
   2008      12      17    16600.000000
   2008      12      18    15033.333333
   2008      12      19    13966.666667
   2008      12      20    13311.111111
   2008      12      21    12577.777778
   2008      12      22    11844.444444
   2008      12      23    13000.000000
   2008      12      24    13633.333333
   2008      12      25    13266.666667
   2008      12      26    13233.333333
   2008      12      27    13300.000000
   2008      12      28    13300.000000
   2008      12      29    13300.000000
   2008      12      30    12966.666667
   2008      12      31    12800.000000
