   2009       1       1    12733.333333
   2009       1       2    12633.333333
   2009       1       3    12533.333333
   2009       1       4    12433.333333
   2009       1       5    12266.666667
   2009       1       6    12133.333333
   2009       1       7    11966.666667
   2009       1       8    11833.333333
   2009       1       9    11866.666667
   2009       1      10    11966.666667
   2009       1      11    12066.666667
   2009       1      12    12166.666667
   2009       1      13    12333.333333
   2009       1      14    12266.666667
   2009       1      15    12400.000000
   2009       1      16    12633.333333
   2009       1      17    12588.888889
   2009       1      18    12422.222222
   2009       1      19    12255.555556
   2009       1      20    11666.666667
   2009       1      21    11200.000000
   2009       1      22    11100.000000
   2009       1      23    11100.000000
   2009       1      24    11100.000000
   2009       1      25    11175.000000
   2009       1      26    11287.500000
   2009       1      27    11400.000000
   2009       1      28    11512.500000
   2009       1      29    11625.000000
   2009       1      30    11737.500000
   2009       1      31    11850.000000
   2009       2       1    11962.500000
   2009       2       2    11933.333333
   2009       2       3    11633.333333
   2009       2       4    11233.333333
   2009       2       5    10833.333333
   2009       2       6    10633.333333
   2009       2       7    10777.777778
   2009       2       8    11044.444444
   2009       2       9    11311.111111
   2009       2      10    11533.333333
   2009       2      11    11866.666667
   2009       2      12    12066.666667
   2009       2      13    12233.333333
   2009       2      14    11988.888889
   2009       2      15    11522.222222
   2009       2      16    11055.555556
   2009       2      17    11033.333333
   2009       2      18    10833.333333
   2009       2      19    11166.666667
   2009       2      20    11200.000000
   2009       2      21    11211.111111
   2009       2      22    11377.777778
   2009       2      23    11544.444444
   2009       2      24    12200.000000
   2009       2      25    13100.000000
   2009       2      26    13933.333333
   2009       2      27    14716.666667
   2009       2      28    15491.666667
   2009       3       1    16266.666667
   2009       3       2    17041.666667
   2009       3       3    18500.000000
   2009       3       4    19433.333333
   2009       3       5    20066.666667
   2009       3       6    21500.000000
   2009       3       7    23300.000000
   2009       3       8    25100.000000
   2009       3       9    26900.000000
   2009       3      10    28966.666667
   2009       3      11    30633.333333
   2009       3      12    31700.000000
   2009       3      13    29866.666667
   2009       3      14    28444.444444
   2009       3      15    27911.111111
   2009       3      16    27377.777778
   2009       3      17    27200.000000
   2009       3      18    26800.000000
   2009       3      19    26133.333333
   2009       3      20    25366.666667
   2009       3      21    24588.888889
   2009       3      22    23822.222222
   2009       3      23    23055.555556
   2009       3      24    22466.666667
   2009       3      25    21966.666667
   2009       3      26    21400.000000
   2009       3      27    20933.333333
   2009       3      28    20733.333333
   2009       3      29    20633.333333
   2009       3      30    20533.333333
   2009       3      31    20433.333333
   2009       4       1    20200.000000
   2009       4       2    19900.000000
   2009       4       3    19666.666667
   2009       4       4    19550.000000
   2009       4       5    19475.000000
   2009       4       6    19400.000000
   2009       4       7    19325.000000
   2009       4       8    19366.666667
   2009       4       9    19600.000000
   2009       4      10    19966.666667
   2009       4      11    20033.333333
   2009       4      12    19933.333333
   2009       4      13    19833.333333
   2009       4      14    19666.666667
   2009       4      15    19533.333333
   2009       4      16    19433.333333
   2009       4      17    19666.666667
   2009       4      18    20088.888889
   2009       4      19    20522.222222
   2009       4      20    20955.555556
   2009       4      21    21566.666667
   2009       4      22    23733.333333
   2009       4      23    25166.666667
   2009       4      24    27066.666667
   2009       4      25    28588.888889
   2009       4      26    29622.222222
   2009       4      27    30655.555556
   2009       4      28    32466.666667
   2009       4      29    33466.666667
   2009       4      30    33533.333333
   2009       5       1    33483.333333
   2009       5       2    33458.333333
   2009       5       3    33433.333333
   2009       5       4    33408.333333
   2009       5       5    33400.000000
   2009       5       6    33333.333333
   2009       5       7    33366.666667
   2009       5       8    33466.666667
   2009       5       9    33388.888889
   2009       5      10    33222.222222
   2009       5      11    33055.555556
   2009       5      12    33066.666667
   2009       5      13    32566.666667
   2009       5      14    32300.000000
   2009       5      15    31566.666667
   2009       5      16    31022.222222
   2009       5      17    30755.555556
   2009       5      18    30488.888889
   2009       5      19    30333.333333
   2009       5      20    30233.333333
   2009       5      21    30266.666667
   2009       5      22    30300.000000
   2009       5      23    30477.777778
   2009       5      24    30744.444444
   2009       5      25    31011.111111
   2009       5      26    31566.666667
   2009       5      27    32133.333333
   2009       5      28    32650.000000
   2009       5      29    33175.000000
   2009       5      30    33700.000000
   2009       5      31    34225.000000
   2009       6       1    35266.666667
   2009       6       2    35966.666667
   2009       6       3    36566.666667
   2009       6       4    37000.000000
   2009       6       5    37966.666667
   2009       6       6    38733.333333
   2009       6       7    39233.333333
   2009       6       8    39733.333333
   2009       6       9    39300.000000
   2009       6      10    39266.666667
   2009       6      11    39266.666667
   2009       6      12    39000.000000
   2009       6      13    38766.666667
   2009       6      14    38566.666667
   2009       6      15    38366.666667
   2009       6      16    37233.333333
   2009       6      17    36300.000000
   2009       6      18    35966.666667
   2009       6      19    35433.333333
   2009       6      20    34822.222222
   2009       6      21    34255.555556
   2009       6      22    33688.888889
   2009       6      23    33166.666667
   2009       6      24    32733.333333
   2009       6      25    32466.666667
   2009       6      26    32400.000000
   2009       6      27    32244.444444
   2009       6      28    32011.111111
   2009       6      29    31777.777778
   2009       6      30    32366.666667
   2009       7       1    34500.000000
   2009       7       2    35666.666667
   2009       7       3    35933.333333
   2009       7       4    36444.444444
   2009       7       5    37111.111111
   2009       7       6    37777.777778
   2009       7       7    40266.666667
   2009       7       8    42600.000000
   2009       7       9    43866.666667
   2009       7      10    44333.333333
   2009       7      11    43888.888889
   2009       7      12    43122.222222
   2009       7      13    42355.555556
   2009       7      14    42033.333333
   2009       7      15    41400.000000
   2009       7      16    40833.333333
   2009       7      17    40366.666667
   2009       7      18    39888.888889
   2009       7      19    39422.222222
   2009       7      20    38955.555556
   2009       7      21    39266.666667
   2009       7      22    39966.666667
   2009       7      23    40600.000000
   2009       7      24    41000.000000
   2009       7      25    40544.444444
   2009       7      26    39711.111111
   2009       7      27    38877.777778
   2009       7      28    39266.666667
   2009       7      29    40133.333333
   2009       7      30    41533.333333
   2009       7      31    42100.000000
   2009       8       1    42055.555556
   2009       8       2    41988.888889
   2009       8       3    41922.222222
   2009       8       4    41700.000000
   2009       8       5    41533.333333
   2009       8       6    41566.666667
   2009       8       7    41600.000000
   2009       8       8    41755.555556
   2009       8       9    41988.888889
   2009       8      10    42222.222222
   2009       8      11    43233.333333
   2009       8      12    44233.333333
   2009       8      13    44700.000000
   2009       8      14    44266.666667
   2009       8      15    43866.666667
   2009       8      16    43666.666667
   2009       8      17    43466.666667
   2009       8      18    43933.333333
   2009       8      19    44066.666667
   2009       8      20    44466.666667
   2009       8      21    44700.000000
   2009       8      22    44144.444444
   2009       8      23    43311.111111
   2009       8      24    42477.777778
   2009       8      25    41866.666667
   2009       8      26    41566.666667
   2009       8      27    41233.333333
   2009       8      28    40600.000000
   2009       8      29    40005.555556
   2009       8      30    39488.888889
   2009       8      31    38972.222222
   2009       9       1    39066.666667
   2009       9       2    39200.000000
   2009       9       3    39266.666667
   2009       9       4    39166.666667
   2009       9       5    38944.444444
   2009       9       6    38711.111111
   2009       9       7    38477.777778
   2009       9       8    37866.666667
   2009       9       9    36866.666667
   2009       9      10    36100.000000
   2009       9      11    35500.000000
   2009       9      12    34722.222222
   2009       9      13    33855.555556
   2009       9      14    32988.888889
   2009       9      15    32300.000000
   2009       9      16    31433.333333
   2009       9      17    30766.666667
   2009       9      18    30533.333333
   2009       9      19    30255.555556
   2009       9      20    29888.888889
   2009       9      21    29522.222222
   2009       9      22    28933.333333
   2009       9      23    28300.000000
   2009       9      24    27700.000000
   2009       9      25    27766.666667
   2009       9      26    27300.000000
   2009       9      27    26400.000000
   2009       9      28    26100.000000
   2009       9      29    25966.666667
   2009       9      30    25766.666667
   2009      10       1    25300.000000
   2009      10       2    24700.000000
   2009      10       3    24100.000000
   2009      10       4    23500.000000
   2009      10       5    22900.000000
   2009      10       6    22300.000000
   2009      10       7    21700.000000
   2009      10       8    21100.000000
   2009      10       9    20500.000000
   2009      10      10    19900.000000
   2009      10      11    18733.333333
   2009      10      12    17283.333333
   2009      10      13    16266.666667
   2009      10      14    15466.666667
   2009      10      15    14733.333333
   2009      10      16    14500.000000
   2009      10      17    14566.666667
   2009      10      18    14666.666667
   2009      10      19    14766.666667
   2009      10      20    14866.666667
   2009      10      21    14966.666667
   2009      10      22    15000.000000
   2009      10      23    14933.333333
   2009      10      24    14633.333333
   2009      10      25    14233.333333
   2009      10      26    13833.333333
   2009      10      27    13900.000000
   2009      10      28    14533.333333
   2009      10      29    14866.666667
   2009      10      30    14566.666667
   2009      10      31    14377.777778
   2009      11       1    14344.444444
   2009      11       2    14311.111111
   2009      11       3    14233.333333
   2009      11       4    14200.000000
   2009      11       5    14200.000000
   2009      11       6    14133.333333
   2009      11       7    14300.000000
   2009      11       8    14600.000000
   2009      11       9    14900.000000
   2009      11      10    14933.333333
   2009      11      11    15033.333333
   2009      11      12    14966.666667
   2009      11      13    14633.333333
   2009      11      14    14255.555556
   2009      11      15    13888.888889
   2009      11      16    13522.222222
   2009      11      17    13533.333333
   2009      11      18    13666.666667
   2009      11      19    13500.000000
   2009      11      20    13466.666667
   2009      11      21    13522.222222
   2009      11      22    13555.555556
   2009      11      23    13588.888889
   2009      11      24    13600.000000
   2009      11      25    13666.666667
   2009      11      26    13766.666667
   2009      11      27    13266.666667
   2009      11      28    13111.111111
   2009      11      29    13277.777778
   2009      11      30    13444.444444
   2009      12       1    13566.666667
   2009      12       2    13466.666667
   2009      12       3    13200.000000
   2009      12       4    12966.666667
   2009      12       5    12966.666667
   2009      12       6    13066.666667
   2009      12       7    13166.666667
   2009      12       8    13200.000000
   2009      12       9    13266.666667
   2009      12      10    13633.333333
   2009      12      11    13933.333333
   2009      12      12    13700.000000
   2009      12      13    13250.000000
   2009      12      14    12800.000000
   2009      12      15    12350.000000
   2009      12      16    12266.666667
   2009      12      17    12366.666667
   2009      12      18    12066.666667
   2009      12      19    11988.888889
   2009      12      20    12122.222222
   2009      12      21    12255.555556
   2009      12      22    12233.333333
   2009      12      23    12133.333333
   2009      12      24    12366.666667
   2009      12      25    12300.000000
   2009      12      26    12111.111111
   2009      12      27    11977.777778
   2009      12      28    11844.444444
   2009      12      29    11666.666667
   2009      12      30    11600.000000
   2009      12      31    11533.333333
