   2010       1       1    11483.333333
   2010       1       2    11458.333333
   2010       1       3    11433.333333
   2010       1       4    11408.333333
   2010       1       5    11466.666667
   2010       1       6    11433.333333
   2010       1       7    11466.666667
   2010       1       8    11566.666667
   2010       1       9    11533.333333
   2010       1      10    11433.333333
   2010       1      11    11333.333333
   2010       1      12    11300.000000
   2010       1      13    12300.000000
   2010       1      14    12733.333333
   2010       1      15    12633.333333
   2010       1      16    12622.222222
   2010       1      17    12655.555556
   2010       1      18    12688.888889
   2010       1      19    12633.333333
   2010       1      20    12600.000000
   2010       1      21    12733.333333
   2010       1      22    12733.333333
   2010       1      23    12500.000000
   2010       1      24    12200.000000
   2010       1      25    11900.000000
   2010       1      26    11866.666667
   2010       1      27    11833.333333
   2010       1      28    11800.000000
   2010       1      29    12133.333333
   2010       1      30    12522.222222
   2010       1      31    12855.555556
   2010       2       1    13188.888889
   2010       2       2    13300.000000
   2010       2       3    13166.666667
   2010       2       4    13766.666667
   2010       2       5    14166.666667
   2010       2       6    14177.777778
   2010       2       7    14144.444444
   2010       2       8    14111.111111
   2010       2       9    13900.000000
   2010       2      10    15133.333333
   2010       2      11    15733.333333
   2010       2      12    16233.333333
   2010       2      13    16516.666667
   2010       2      14    16541.666667
   2010       2      15    16566.666667
   2010       2      16    16591.666667
   2010       2      17    16616.666667
   2010       2      18    16641.666667
   2010       2      19    16666.666667
   2010       2      20    16691.666667
   2010       2      21    16566.666667
   2010       2      22    16433.333333
   2010       2      23    16466.666667
   2010       2      24    15500.000000
   2010       2      25    15033.333333
   2010       2      26    15083.333333
   2010       2      27    15011.111111
   2010       2      28    14877.777778
   2010       3       1    14744.444444
   2010       3       2    14833.333333
   2010       3       3    15100.000000
   2010       3       4    15400.000000
   2010       3       5    16100.000000
   2010       3       6    16622.222222
   2010       3       7    16955.555556
   2010       3       8    17288.888889
   2010       3       9    19133.333333
   2010       3      10    20400.000000
   2010       3      11    21466.666667
   2010       3      12    23900.000000
   2010       3      13    25477.777778
   2010       3      14    26344.444444
   2010       3      15    27211.111111
   2010       3      16    25766.666667
   2010       3      17    24900.000000
   2010       3      18    24566.666667
   2010       3      19    24333.333333
   2010       3      20    23655.555556
   2010       3      21    22688.888889
   2010       3      22    21722.222222
   2010       3      23    20933.333333
   2010       3      24    20500.000000
   2010       3      25    19800.000000
   2010       3      26    19033.333333
   2010       3      27    18622.222222
   2010       3      28    18355.555556
   2010       3      29    18088.888889
   2010       3      30    18933.333333
   2010       3      31    19400.000000
   2010       4       1    19533.333333
   2010       4       2    20133.333333
   2010       4       3    20233.333333
   2010       4       4    19983.333333
   2010       4       5    19733.333333
   2010       4       6    19483.333333
   2010       4       7    19133.333333
   2010       4       8    19200.000000
   2010       4       9    20300.000000
   2010       4      10    22177.777778
   2010       4      11    24244.444444
   2010       4      12    26311.111111
   2010       4      13    26000.000000
   2010       4      14    26766.666667
   2010       4      15    28466.666667
   2010       4      16    29800.000000
   2010       4      17    31444.444444
   2010       4      18    33311.111111
   2010       4      19    35177.777778
   2010       4      20    36466.666667
   2010       4      21    37333.333333
   2010       4      22    38266.666667
   2010       4      23    38333.333333
   2010       4      24    38457.142857
   2010       4      25    38842.857143
   2010       4      26    39228.571429
   2010       4      27    39614.285714
   2010       4      28    40000.000000
   2010       4      29    40385.714286
   2010       4      30    40771.428571
   2010       5       1    40266.666667
   2010       5       2    39316.666667
   2010       5       3    38366.666667
   2010       5       4    37416.666667
   2010       5       5    36433.333333
   2010       5       6    35433.333333
   2010       5       7    34100.000000
   2010       5       8    33177.777778
   2010       5       9    32544.444444
   2010       5      10    31911.111111
   2010       5      11    31433.333333
   2010       5      12    31900.000000
   2010       5      13    32466.666667
   2010       5      14    32866.666667
   2010       5      15    33666.666667
   2010       5      16    34666.666667
   2010       5      17    35666.666667
   2010       5      18    37333.333333
   2010       5      19    38800.000000
   2010       5      20    40333.333333
   2010       5      21    41500.000000
   2010       5      22    43111.111111
   2010       5      23    45077.777778
   2010       5      24    47044.444444
   2010       5      25    48233.333333
   2010       5      26    49233.333333
   2010       5      27    50066.666667
   2010       5      28    49900.000000
   2010       5      29    49677.777778
   2010       5      30    49644.444444
   2010       5      31    49611.111111
   2010       6       1    49400.000000
   2010       6       2    48500.000000
   2010       6       3    47166.666667
   2010       6       4    46100.000000
   2010       6       5    45288.888889
   2010       6       6    44522.222222
   2010       6       7    43755.555556
   2010       6       8    43033.333333
   2010       6       9    43533.333333
   2010       6      10    44966.666667
   2010       6      11    45633.333333
   2010       6      12    46033.333333
   2010       6      13    46333.333333
   2010       6      14    46433.333333
   2010       6      15    46483.333333
   2010       6      16    46533.333333
   2010       6      17    46583.333333
   2010       6      18    46533.333333
   2010       6      19    46611.111111
   2010       6      20    46777.777778
   2010       6      21    46944.444444
   2010       6      22    49066.666667
   2010       6      23    52166.666667
   2010       6      24    56400.000000
   2010       6      25    59333.333333
   2010       6      26    60755.555556
   2010       6      27    61888.888889
   2010       6      28    63022.222222
   2010       6      29    64466.666667
   2010       6      30    65266.666667
   2010       7       1    64666.666667
   2010       7       2    63700.000000
   2010       7       3    62422.222222
   2010       7       4    60955.555556
   2010       7       5    59488.888889
   2010       7       6    58600.000000
   2010       7       7    57400.000000
   2010       7       8    56100.000000
   2010       7       9    56300.000000
   2010       7      10    57888.888889
   2010       7      11    59822.222222
   2010       7      12    61755.555555
   2010       7      13    61866.666667
   2010       7      14    63000.000000
   2010       7      15    63766.666667
   2010       7      16    62333.333333
   2010       7      17    61577.777778
   2010       7      18    61544.444444
   2010       7      19    61511.111111
   2010       7      20    61166.666667
   2010       7      21    61566.666667
   2010       7      22    62416.666667
   2010       7      23    62366.666667
   2010       7      24    62355.555556
   2010       7      25    62588.888889
   2010       7      26    62822.222222
   2010       7      27    62833.333333
   2010       7      28    62733.333333
   2010       7      29    62366.666667
   2010       7      30    62333.333333
   2010       7      31    62511.111111
   2010       8       1    62677.777778
   2010       8       2    62844.444444
   2010       8       3    62366.666667
   2010       8       4    61700.000000
   2010       8       5    60900.000000
   2010       8       6    60266.666667
   2010       8       7    59388.888889
   2010       8       8    58322.222222
   2010       8       9    57255.555556
   2010       8      10    57166.666667
   2010       8      11    56700.000000
   2010       8      12    56000.000000
   2010       8      13    55133.333333
   2010       8      14    53755.555556
   2010       8      15    52188.888889
   2010       8      16    50622.222222
   2010       8      17    49433.333333
   2010       8      18    48833.333333
   2010       8      19    47966.666667
   2010       8      20    46266.666667
   2010       8      21    44777.777778
   2010       8      22    43544.444444
   2010       8      23    42311.111111
   2010       8      24    43300.000000
   2010       8      25    43733.333333
   2010       8      26    43333.333333
   2010       8      27    42933.333333
   2010       8      28    42933.333333
   2010       8      29    43133.333333
   2010       8      30    43333.333333
   2010       8      31    43333.333333
   2010       9       1    43233.333333
   2010       9       2    43266.666667
   2010       9       3    43300.000000
   2010       9       4    43252.380952
   2010       9       5    43180.952381
   2010       9       6    43109.523810
   2010       9       7    43038.095238
   2010       9       8    42966.666667
   2010       9       9    42895.238095
   2010       9      10    42823.809524
   2010       9      11    42822.222222
   2010       9      12    42855.555556
   2010       9      13    42888.888889
   2010       9      14    43100.000000
   2010       9      15    43333.333333
   2010       9      16    43533.333333
   2010       9      17    43266.666667
   2010       9      18    42933.333333
   2010       9      19    42683.333333
   2010       9      20    42400.000000
   2010       9      21    42233.333333
   2010       9      22    41766.666667
   2010       9      23    41116.666667
   2010       9      24    40466.666667
   2010       9      25    39816.666667
   2010       9      26    39466.666667
   2010       9      27    39133.333333
   2010       9      28    38733.333333
   2010       9      29    38200.000000
   2010       9      30    38200.000000
   2010      10       1    38050.000000
   2010      10       2    37675.000000
   2010      10       3    37300.000000
   2010      10       4    36925.000000
   2010      10       5    36550.000000
   2010      10       6    36175.000000
   2010      10       7    35800.000000
   2010      10       8    35425.000000
   2010      10       9    34900.000000
   2010      10      10    34233.333333
   2010      10      11    33533.333333
   2010      10      12    32633.333333
   2010      10      13    30700.000000
   2010      10      14    29300.000000
   2010      10      15    28866.666667
   2010      10      16    28622.222222
   2010      10      17    28355.555556
   2010      10      18    28088.888889
   2010      10      19    27900.000000
   2010      10      20    27750.000000
   2010      10      21    27633.333333
   2010      10      22    28066.666667
   2010      10      23    28233.333333
   2010      10      24    28133.333333
   2010      10      25    28033.333333
   2010      10      26    27600.000000
   2010      10      27    27333.333333
   2010      10      28    27033.333333
   2010      10      29    26633.333333
   2010      10      30    26150.000000
   2010      10      31    25625.000000
   2010      11       1    25100.000000
   2010      11       2    24575.000000
   2010      11       3    24000.000000
   2010      11       4    23666.666667
   2010      11       5    23333.333333
   2010      11       6    22955.555556
   2010      11       7    22588.888889
   2010      11       8    22222.222222
   2010      11       9    21966.666667
   2010      11      10    20166.666667
   2010      11      11    18833.333333
   2010      11      12    17866.666667
   2010      11      13    17300.000000
   2010      11      14    17000.000000
   2010      11      15    16700.000000
   2010      11      16    16400.000000
   2010      11      17    15833.333333
   2010      11      18    15533.333333
   2010      11      19    15483.333333
   2010      11      20    15458.333333
   2010      11      21    15433.333333
   2010      11      22    15408.333333
   2010      11      23    15600.000000
   2010      11      24    15566.666667
   2010      11      25    15366.666667
   2010      11      26    15566.666667
   2010      11      27    15166.666667
   2010      11      28    14366.666667
   2010      11      29    13566.666667
   2010      11      30    12966.666667
   2010      12       1    12600.000000
   2010      12       2    12900.000000
   2010      12       3    13100.000000
   2010      12       4    13100.000000
   2010      12       5    13100.000000
   2010      12       6    13100.000000
   2010      12       7    13300.000000
   2010      12       8    13133.333333
   2010      12       9    12933.333333
   2010      12      10    13033.333333
   2010      12      11    13055.555556
   2010      12      12    12988.888889
   2010      12      13    12922.222222
   2010      12      14    12900.000000
   2010      12      15    12833.333333
   2010      12      16    12533.333333
   2010      12      17    12866.666667
   2010      12      18    14255.555555
   2010      12      19    15988.888889
   2010      12      20    17722.222222
   2010      12      21    19433.333333
   2010      12      22    20600.000000
   2010      12      23    21433.333333
   2010      12      24    20433.333333
   2010      12      25    19488.888889
   2010      12      26    19022.222222
   2010      12      27    18555.555556
   2010      12      28    17933.333333
   2010      12      29    17366.666667
   2010      12      30    16866.666667
   2010      12      31    16166.666667
