   2011       1       1    16000.000000
   2011       1       2    16150.000000
   2011       1       3    16300.000000
   2011       1       4    16450.000000
   2011       1       5    16433.333333
   2011       1       6    16400.000000
   2011       1       7    16333.333333
   2011       1       8    16255.555556
   2011       1       9    16188.888889
   2011       1      10    16122.222222
   2011       1      11    14966.666667
   2011       1      12    14066.666667
   2011       1      13    13900.000000
   2011       1      14    13900.000000
   2011       1      15    13922.222222
   2011       1      16    13955.555556
   2011       1      17    13988.888889
   2011       1      18    14800.000000
   2011       1      19    15533.333333
   2011       1      20    15900.000000
   2011       1      21    15933.333333
   2011       1      22    15922.222222
   2011       1      23    15955.555556
   2011       1      24    15988.888889
   2011       1      25    16066.666667
   2011       1      26    16033.333333
   2011       1      27    16000.000000
   2011       1      28    15933.333333
   2011       1      29    16000.000000
   2011       1      30    16150.000000
   2011       1      31    15933.333333
   2011       2       1    15533.333333
   2011       2       2    15258.333333
   2011       2       3    15045.833333
   2011       2       4    14833.333333
   2011       2       5    14620.833333
   2011       2       6    14408.333333
   2011       2       7    14195.833333
   2011       2       8    13983.333333
   2011       2       9    13770.833333
   2011       2      10    13553.333333
   2011       2      11    13333.333333
   2011       2      12    13113.333333
   2011       2      13    12893.333333
   2011       2      14    12673.333333
   2011       2      15    12666.666667
   2011       2      16    12833.333333
   2011       2      17    13033.333333
   2011       2      18    13233.333333
   2011       2      19    13500.000000
   2011       2      20    13800.000000
   2011       2      21    14100.000000
   2011       2      22    14000.000000
   2011       2      23    13966.666667
   2011       2      24    14200.000000
   2011       2      25    14233.333333
   2011       2      26    14066.666667
   2011       2      27    13866.666667
   2011       2      28    13666.666667
   2011       3       1    13733.333333
   2011       3       2    13866.666667
   2011       3       3    13966.666667
   2011       3       4    14000.000000
   2011       3       5    14044.444444
   2011       3       6    14111.111111
   2011       3       7    14177.777778
   2011       3       8    14266.666667
   2011       3       9    14233.333333
   2011       3      10    13800.000000
   2011       3      11    13666.666667
   2011       3      12    13633.333333
   2011       3      13    13533.333333
   2011       3      14    13433.333333
   2011       3      15    13266.666667
   2011       3      16    13266.666667
   2011       3      17    13233.333333
   2011       3      18    13266.666667
   2011       3      19    13411.111111
   2011       3      20    13577.777778
   2011       3      21    13744.444444
   2011       3      22    13666.666667
   2011       3      23    13833.333333
   2011       3      24    14183.333333
   2011       3      25    14300.000000
   2011       3      26    15533.333333
   2011       3      27    17383.333333
   2011       3      28    18100.000000
   2011       3      29    18183.333333
   2011       3      30    18333.333333
   2011       3      31    18650.000000
   2011       4       1    18975.000000
   2011       4       2    19008.333333
   2011       4       3    18591.666667
   2011       4       4    16800.000000
   2011       4       5    16333.333333
   2011       4       6    16333.333333
   2011       4       7    15950.000000
   2011       4       8    15416.666667
   2011       4       9    14675.000000
   2011       4      10    14266.666667
   2011       4      11    14200.000000
   2011       4      12    14233.333333
   2011       4      13    14216.666667
   2011       4      14    14783.333333
   2011       4      15    15191.666667
   2011       4      16    16016.666667
   2011       4      17    16533.333333
   2011       4      18    16583.333333
   2011       4      19    16791.666667
   2011       4      20    17016.666667
   2011       4      21    17125.000000
   2011       4      22    16716.666667
   2011       4      23    16366.666667
   2011       4      24    16166.666667
   2011       4      25    16000.000000
   2011       4      26    15616.666667
   2011       4      27    15166.666667
   2011       4      28    14975.000000
   2011       4      29    14883.333333
   2011       4      30    14483.333333
   2011       5       1    14566.666667
   2011       5       2    14566.666667
   2011       5       3    14416.666667
   2011       5       4    14375.000000
   2011       5       5    14358.333333
   2011       5       6    14383.333333
   2011       5       7    14533.333333
   2011       5       8    14733.333333
   2011       5       9    14916.666667
   2011       5      10    14958.333333
   2011       5      11    15033.333333
   2011       5      12    14925.000000
   2011       5      13    14800.000000
   2011       5      14    14925.000000
   2011       5      15    15133.333333
   2011       5      16    15000.000000
   2011       5      17    15233.333333
   2011       5      18    15633.333333
   2011       5      19    16066.666667
   2011       5      20    16741.666667
   2011       5      21    17444.444444
   2011       5      22    18111.111111
   2011       5      23    18777.777778
   2011       5      24    19600.000000
   2011       5      25    20266.666667
   2011       5      26    19800.000000
   2011       5      27    19258.333333
   2011       5      28    19250.000000
   2011       5      29    19233.333333
   2011       5      30    19100.000000
   2011       5      31    18900.000000
   2011       6       1    18675.000000
   2011       6       2    18533.333333
   2011       6       3    18433.333333
   2011       6       4    18645.833333
   2011       6       5    19014.583333
   2011       6       6    19383.333333
   2011       6       7    19752.083333
   2011       6       8    20408.333333
   2011       6       9    21458.333333
   2011       6      10    23516.666667
   2011       6      11    26983.333333
   2011       6      12    29433.333333
   2011       6      13    30366.666667
   2011       6      14    31233.333333
   2011       6      15    32191.666667
   2011       6      16    34783.333333
   2011       6      17    36125.000000
   2011       6      18    40541.666666
   2011       6      19    44233.333333
   2011       6      20    45200.000000
   2011       6      21    45350.000000
   2011       6      22    45125.000000
   2011       6      23    44966.666667
   2011       6      24    44966.666667
   2011       6      25    45858.333333
   2011       6      26    46100.000000
   2011       6      27    45800.000000
   2011       6      28    45400.000000
   2011       6      29    45033.333333
   2011       6      30    44875.000000
   2011       7       1    44666.666667
   2011       7       2    43925.000000
   2011       7       3    43266.666667
   2011       7       4    43016.666667
   2011       7       5    42658.333333
   2011       7       6    42133.333333
   2011       7       7    41416.666667
   2011       7       8    40566.666667
   2011       7       9    39025.000000
   2011       7      10    37066.666667
   2011       7      11    36183.333333
   2011       7      12    36091.666667
   2011       7      13    36800.000000
   2011       7      14    37950.000000
   2011       7      15    37716.666667
   2011       7      16    36466.666667
   2011       7      17    35800.000000
   2011       7      18    35766.666667
   2011       7      19    36566.666667
   2011       7      20    37083.333333
   2011       7      21    36666.666667
   2011       7      22    35641.666667
   2011       7      23    33950.000000
   2011       7      24    32300.000000
   2011       7      25    31700.000000
   2011       7      26    31450.000000
   2011       7      27    31366.666667
   2011       7      28    31458.333333
   2011       7      29    31116.666667
   2011       7      30    30750.000000
   2011       7      31    30487.500000
   2011       8       1    30200.000000
   2011       8       2    30266.666667
   2011       8       3    30350.000000
   2011       8       4    30250.000000
   2011       8       5    29950.000000
   2011       8       6    29275.000000
   2011       8       7    28800.000000
   2011       8       8    28633.333333
   2011       8       9    28150.000000
   2011       8      10    27991.666667
   2011       8      11    28491.666667
   2011       8      12    29441.666667
   2011       8      13    30600.000000
   2011       8      14    31466.666667
   2011       8      15    31783.333333
   2011       8      16    32075.000000
   2011       8      17    32250.000000
   2011       8      18    32225.000000
   2011       8      19    32000.000000
   2011       8      20    31433.333333
   2011       8      21    30866.666667
   2011       8      22    30733.333333
   2011       8      23    30533.333333
   2011       8      24    30225.000000
   2011       8      25    29908.333333
   2011       8      26    29733.333333
   2011       8      27    29566.666667
   2011       8      28    29266.666667
   2011       8      29    28916.666667
   2011       8      30    28266.666667
   2011       8      31    27683.333333
   2011       9       1    27091.666667
   2011       9       2    26358.333333
   2011       9       3    24633.333333
   2011       9       4    23166.666667
   2011       9       5    22466.666667
   2011       9       6    21366.666667
   2011       9       7    20083.333333
   2011       9       8    19125.000000
   2011       9       9    18550.000000
   2011       9      10    20333.333333
   2011       9      11    21166.666667
   2011       9      12    20433.333333
   2011       9      13    20000.000000
   2011       9      14    19816.666667
   2011       9      15    19733.333333
   2011       9      16    19841.666667
   2011       9      17    19900.000000
   2011       9      18    20033.333333
   2011       9      19    20500.000000
   2011       9      20    21500.000000
   2011       9      21    22700.000000
   2011       9      22    23900.000000
   2011       9      23    25033.333333
   2011       9      24    26066.666667
   2011       9      25    27025.000000
   2011       9      26    27962.500000
   2011       9      27    28625.000000
   2011       9      28    29266.666667
   2011       9      29    29700.000000
   2011       9      30    29650.000000
   2011      10       1    28716.666667
   2011      10       2    27429.166667
   2011      10       3    25866.666667
   2011      10       4    24566.666667
   2011      10       5    23466.666667
   2011      10       6    22233.333333
   2011      10       7    22533.333333
   2011      10       8    22716.666667
   2011      10       9    22275.000000
   2011      10      10    22033.333333
   2011      10      11    22200.000000
   2011      10      12    22083.333333
   2011      10      13    21725.000000
   2011      10      14    21300.000000
   2011      10      15    20516.666667
   2011      10      16    19266.666667
   2011      10      17    18916.666667
   2011      10      18    18858.333333
   2011      10      19    18866.666667
   2011      10      20    18366.666667
   2011      10      21    18033.333333
   2011      10      22    17800.000000
   2011      10      23    17725.000000
   2011      10      24    17762.500000
   2011      10      25    17891.666667
   2011      10      26    18183.333333
   2011      10      27    18366.666667
   2011      10      28    18533.333333
   2011      10      29    18288.888889
   2011      10      30    17822.222222
   2011      10      31    17355.555556
   2011      11       1    16933.333333
   2011      11       2    16466.666667
   2011      11       3    16100.000000
   2011      11       4    15600.000000
   2011      11       5    15450.000000
   2011      11       6    15525.000000
   2011      11       7    15600.000000
   2011      11       8    15675.000000
   2011      11       9    16100.000000
   2011      11      10    16700.000000
   2011      11      11    17633.333333
   2011      11      12    18866.666667
   2011      11      13    20166.666667
   2011      11      14    21466.666667
   2011      11      15    22633.333333
   2011      11      16    23400.000000
   2011      11      17    23800.000000
   2011      11      18    23700.000000
   2011      11      19    22977.777778
   2011      11      20    22044.444444
   2011      11      21    21111.111111
   2011      11      22    20400.000000
   2011      11      23    19933.333333
   2011      11      24    19400.000000
   2011      11      25    19133.333333
   2011      11      26    19100.000000
   2011      11      27    19100.000000
   2011      11      28    19100.000000
   2011      11      29    18833.333333
   2011      11      30    18500.000000
   2011      12       1    17866.666667
   2011      12       2    17333.333333
   2011      12       3    16777.777778
   2011      12       4    16144.444444
   2011      12       5    15511.111111
   2011      12       6    15166.666667
   2011      12       7    14966.666667
   2011      12       8    14900.000000
   2011      12       9    14766.666667
   2011      12      10    14477.777778
   2011      12      11    14144.444444
   2011      12      12    13811.111111
   2011      12      13    13833.333333
   2011      12      14    14100.000000
   2011      12      15    14200.000000
   2011      12      16    14133.333333
   2011      12      17    13855.555556
   2011      12      18    13488.888889
   2011      12      19    13122.222222
   2011      12      20    12866.666667
   2011      12      21    12800.000000
   2011      12      22    12800.000000
   2011      12      23    12933.333333
   2011      12      24    13022.222222
   2011      12      25    13055.555556
   2011      12      26    13088.888889
   2011      12      27    13233.333333
   2011      12      28    13366.666667
   2011      12      29    13333.333333
   2011      12      30    13300.000000
   2011      12      31    13100.000000
