   2012       1       1    12683.333333
   2012       1       2    12208.333333
   2012       1       3    11733.333333
   2012       1       4    11258.333333
   2012       1       5    11100.000000
   2012       1       6    11033.333333
   2012       1       7    11266.666667
   2012       1       8    11666.666667
   2012       1       9    12066.666667
   2012       1      10    12333.333333
   2012       1      11    12466.666667
   2012       1      12    12700.000000
   2012       1      13    12266.666667
   2012       1      14    12177.777778
   2012       1      15    12444.444444
   2012       1      16    12711.111111
   2012       1      17    12666.666667
   2012       1      18    12666.666667
   2012       1      19    12766.666667
   2012       1      20    12933.333333
   2012       1      21    13333.333333
   2012       1      22    13825.000000
   2012       1      23    14312.500000
   2012       1      24    14800.000000
   2012       1      25    15287.500000
   2012       1      26    15775.000000
   2012       1      27    16262.500000
   2012       1      28    16750.000000
   2012       1      29    17237.500000
   2012       1      30    17266.666667
   2012       1      31    16866.666667
   2012       2       1    16100.000000
   2012       2       2    15466.666667
   2012       2       3    14900.000000
   2012       2       4    14966.666667
   2012       2       5    15366.666667
   2012       2       6    15766.666667
   2012       2       7    15966.666667
   2012       2       8    16083.333333
   2012       2       9    16041.666667
   2012       2      10    15483.333333
   2012       2      11    15541.666667
   2012       2      12    15433.333333
   2012       2      13    15750.000000
   2012       2      14    15858.333333
   2012       2      15    15816.666667
   2012       2      16    15808.333333
   2012       2      17    15516.666667
   2012       2      18    15425.000000
   2012       2      19    15500.000000
   2012       2      20    15575.000000
   2012       2      21    15766.666667
   2012       2      22    15866.666667
   2012       2      23    16041.666667
   2012       2      24    15375.000000
   2012       2      25    15266.666667
   2012       2      26    15400.000000
   2012       2      27    15533.333333
   2012       2      28    15750.000000
   2012       2      29    15925.000000
   2012       3       1    16041.666667
   2012       3       2    16025.000000
   2012       3       3    16444.444444
   2012       3       4    17111.111111
   2012       3       5    17777.777778
   2012       3       6    18866.666667
   2012       3       7    21016.666667
   2012       3       8    23608.333333
   2012       3       9    26641.666667
   2012       3      10    28808.333333
   2012       3      11    30433.333333
   2012       3      12    32058.333333
   2012       3      13    32350.000000
   2012       3      14    32308.333333
   2012       3      15    32316.666667
   2012       3      16    32166.666667
   2012       3      17    31566.666667
   2012       3      18    30766.666667
   2012       3      19    29966.666667
   2012       3      20    29500.000000
   2012       3      21    28950.000000
   2012       3      22    28475.000000
   2012       3      23    27900.000000
   2012       3      24    26691.666667
   2012       3      25    26000.000000
   2012       3      26    25616.666667
   2012       3      27    25291.666667
   2012       3      28    24800.000000
   2012       3      29    24133.333333
   2012       3      30    23316.666667
   2012       3      31    22691.666667
   2012       4       1    21975.000000
   2012       4       2    21366.666667
   2012       4       3    21066.666667
   2012       4       4    20600.000000
   2012       4       5    20300.000000
   2012       4       6    20216.666667
   2012       4       7    20533.333333
   2012       4       8    20366.666667
   2012       4       9    20250.000000
   2012       4      10    19875.000000
   2012       4      11    19491.666667
   2012       4      12    19283.333333
   2012       4      13    19158.333333
   2012       4      14    18975.000000
   2012       4      15    19133.333333
   2012       4      16    19483.333333
   2012       4      17    21183.333333
   2012       4      18    22741.666667
   2012       4      19    24291.666667
   2012       4      20    25625.000000
   2012       4      21    25800.000000
   2012       4      22    25500.000000
   2012       4      23    25833.333333
   2012       4      24    26266.666667
   2012       4      25    26625.000000
   2012       4      26    27416.666667
   2012       4      27    28200.000000
   2012       4      28    28675.000000
   2012       4      29    29866.666667
   2012       4      30    31200.000000
   2012       5       1    32225.000000
   2012       5       2    33162.500000
   2012       5       3    34208.333333
   2012       5       4    34325.000000
   2012       5       5    34800.000000
   2012       5       6    35500.000000
   2012       5       7    36316.666667
   2012       5       8    37941.666667
   2012       5       9    39000.000000
   2012       5      10    39383.333333
   2012       5      11    39541.666667
   2012       5      12    39525.000000
   2012       5      13    39700.000000
   2012       5      14    40000.000000
   2012       5      15    40500.000000
   2012       5      16    41566.666667
   2012       5      17    42633.333333
   2012       5      18    44783.333333
   2012       5      19    46266.666667
   2012       5      20    47116.666667
   2012       5      21    47466.666667
   2012       5      22    47633.333333
   2012       5      23    47900.000000
   2012       5      24    47816.666667
   2012       5      25    47475.000000
   2012       5      26    47450.000000
   2012       5      27    47508.333333
   2012       5      28    47520.833333
   2012       5      29    46975.000000
   2012       5      30    47166.666667
   2012       5      31    47433.333333
   2012       6       1    47283.333333
   2012       6       2    47333.333333
   2012       6       3    47400.000000
   2012       6       4    47400.000000
   2012       6       5    47850.000000
   2012       6       6    48075.000000
   2012       6       7    48025.000000
   2012       6       8    47866.666667
   2012       6       9    47666.666667
   2012       6      10    47600.000000
   2012       6      11    47866.666667
   2012       6      12    48216.666667
   2012       6      13    48708.333333
   2012       6      14    49416.666667
   2012       6      15    50158.333333
   2012       6      16    50377.777778
   2012       6      17    50344.444444
   2012       6      18    50311.111111
   2012       6      19    50100.000000
   2012       6      20    49533.333333
   2012       6      21    49033.333333
   2012       6      22    48500.000000
   2012       6      23    47900.000000
   2012       6      24    47300.000000
   2012       6      25    46700.000000
   2012       6      26    46533.333333
   2012       6      27    47366.666667
   2012       6      28    48841.666667
   2012       6      29    49091.666667
   2012       6      30    49316.666667
   2012       7       1    49300.000000
   2012       7       2    49000.000000
   2012       7       3    48716.666667
   2012       7       4    48758.333333
   2012       7       5    48575.000000
   2012       7       6    48200.000000
   2012       7       7    47891.666667
   2012       7       8    47600.000000
   2012       7       9    47333.333333
   2012       7      10    45800.000000
   2012       7      11    45358.333333
   2012       7      12    45566.666667
   2012       7      13    45533.333333
   2012       7      14    46033.333333
   2012       7      15    46766.666667
   2012       7      16    48150.000000
   2012       7      17    48641.666667
   2012       7      18    49366.666667
   2012       7      19    50016.666667
   2012       7      20    50800.000000
   2012       7      21    52308.333333
   2012       7      22    54166.666667
   2012       7      23    55566.666667
   2012       7      24    56516.666667
   2012       7      25    57050.000000
   2012       7      26    56241.666667
   2012       7      27    55925.000000
   2012       7      28    56333.333333
   2012       7      29    56566.666667
   2012       7      30    57166.666667
   2012       7      31    57550.000000
   2012       8       1    57733.333333
   2012       8       2    57750.000000
   2012       8       3    57208.333333
   2012       8       4    56583.333333
   2012       8       5    56866.666667
   2012       8       6    56950.000000
   2012       8       7    56625.000000
   2012       8       8    56483.333333
   2012       8       9    57291.666667
   2012       8      10    57800.000000
   2012       8      11    57216.666667
   2012       8      12    57100.000000
   2012       8      13    57400.000000
   2012       8      14    57083.333333
   2012       8      15    56550.000000
   2012       8      16    56062.500000
   2012       8      17    55716.666667
   2012       8      18    55008.333333
   2012       8      19    54433.333333
   2012       8      20    54050.000000
   2012       8      21    53591.666667
   2012       8      22    53175.000000
   2012       8      23    51600.000000
   2012       8      24    50525.000000
   2012       8      25    47850.000000
   2012       8      26    46600.000000
   2012       8      27    46183.333333
   2012       8      28    45625.000000
   2012       8      29    45233.333333
   2012       8      30    44825.000000
   2012       8      31    44008.333333
   2012       9       1    43491.666667
   2012       9       2    42933.333333
   2012       9       3    42133.333333
   2012       9       4    40683.333333
   2012       9       5    39233.333333
   2012       9       6    38133.333333
   2012       9       7    38266.666667
   2012       9       8    38233.333333
   2012       9       9    37900.000000
   2012       9      10    38200.000000
   2012       9      11    37966.666667
   2012       9      12    37533.333333
   2012       9      13    37108.333333
   2012       9      14    36783.333333
   2012       9      15    37366.666667
   2012       9      16    37700.000000
   2012       9      17    37866.666667
   2012       9      18    38150.000000
   2012       9      19    38133.333333
   2012       9      20    37941.666667
   2012       9      21    37741.666667
   2012       9      22    37091.666667
   2012       9      23    36466.666667
   2012       9      24    36100.000000
   2012       9      25    35800.000000
   2012       9      26    35716.666667
   2012       9      27    35658.333333
   2012       9      28    35508.333333
   2012       9      29    36250.000000
   2012       9      30    36068.518519
   2012      10       1    35196.296296
   2012      10       2    34324.074074
   2012      10       3    33451.851852
   2012      10       4    32579.629630
   2012      10       5    31707.407407
   2012      10       6    30835.185185
   2012      10       7    29962.962963
   2012      10       8    29090.740741
   2012      10       9    28516.666667
   2012      10      10    27858.333333
   2012      10      11    27383.333333
   2012      10      12    26991.666667
   2012      10      13    27150.000000
   2012      10      14    27300.000000
   2012      10      15    27416.666667
   2012      10      16    27641.666667
   2012      10      17    27741.666667
   2012      10      18    27766.666667
   2012      10      19    27691.666667
   2012      10      20    26616.666667
   2012      10      21    25966.666667
   2012      10      22    25633.333333
   2012      10      23    25033.333333
   2012      10      24    24222.222222
   2012      10      25    23355.555556
   2012      10      26    22488.888889
   2012      10      27    22333.333333
   2012      10      28    22533.333333
   2012      10      29    22733.333333
   2012      10      30    22600.000000
   2012      10      31    22433.333333
   2012      11       1    22133.333333
   2012      11       2    21866.666667
   2012      11       3    21600.000000
   2012      11       4    21300.000000
   2012      11       5    21000.000000
   2012      11       6    20233.333333
   2012      11       7    19566.666667
   2012      11       8    19066.666667
   2012      11       9    18500.000000
   2012      11      10    18455.555556
   2012      11      11    18688.888889
   2012      11      12    18922.222222
   2012      11      13    19400.000000
   2012      11      14    19866.666667
   2012      11      15    21733.333333
   2012      11      16    23200.000000
   2012      11      17    24000.000000
   2012      11      18    24750.000000
   2012      11      19    25050.000000
   2012      11      20    23775.000000
   2012      11      21    23208.333333
   2012      11      22    23083.333333
   2012      11      23    22933.333333
   2012      11      24    22833.333333
   2012      11      25    22733.333333
   2012      11      26    22716.666667
   2012      11      27    22591.666667
   2012      11      28    22708.333333
   2012      11      29    22833.333333
   2012      11      30    23483.333333
   2012      12       1    23466.666667
   2012      12       2    23433.333333
   2012      12       3    23550.000000
   2012      12       4    23241.666667
   2012      12       5    22825.000000
   2012      12       6    22200.000000
   2012      12       7    21983.333333
   2012      12       8    21466.666667
   2012      12       9    21066.666667
   2012      12      10    20316.666667
   2012      12      11    19825.000000
   2012      12      12    19750.000000
   2012      12      13    19650.000000
   2012      12      14    19700.000000
   2012      12      15    19450.000000
   2012      12      16    18166.666667
   2012      12      17    17333.333333
   2012      12      18    16933.333333
   2012      12      19    16566.666667
   2012      12      20    16150.000000
   2012      12      21    16066.666667
   2012      12      22    15900.000000
   2012      12      23    15533.333333
   2012      12      24    15133.333333
   2012      12      25    16733.333333
   2012      12      26    17733.333333
   2012      12      27    18000.000000
   2012      12      28    18233.333333
   2012      12      29    18233.333333
   2012      12      30    18066.666667
   2012      12      31    17983.333333
