   2013       1       1    17725.000000
   2013       1       2    17866.666667
   2013       1       3    18466.666667
   2013       1       4    19183.333333
   2013       1       5    19691.666667
   2013       1       6    19741.666667
   2013       1       7    19916.666667
   2013       1       8    20325.000000
   2013       1       9    20458.333333
   2013       1      10    20500.000000
   2013       1      11    20258.333333
   2013       1      12    19775.000000
   2013       1      13    20000.000000
   2013       1      14    20050.000000
   2013       1      15    19808.333333
   2013       1      16    19491.666667
   2013       1      17    17791.666667
   2013       1      18    16783.333333
   2013       1      19    16358.333333
   2013       1      20    15933.333333
   2013       1      21    15533.333333
   2013       1      22    16516.666667
   2013       1      23    17058.333333
   2013       1      24    16650.000000
   2013       1      25    16500.000000
   2013       1      26    16641.666667
   2013       1      27    16700.000000
   2013       1      28    16716.666667
   2013       1      29    16525.000000
   2013       1      30    16375.000000
   2013       1      31    15650.000000
   2013       2       1    15300.000000
   2013       2       2    14900.000000
   2013       2       3    14633.333333
   2013       2       4    14516.666667
   2013       2       5    14391.666667
   2013       2       6    14116.666667
   2013       2       7    14166.666667
   2013       2       8    14416.666667
   2013       2       9    14558.333333
   2013       2      10    14645.833333
   2013       2      11    14733.333333
   2013       2      12    14820.833333
   2013       2      13    14908.333333
   2013       2      14    14995.833333
   2013       2      15    15083.333333
   2013       2      16    15170.833333
   2013       2      17    15200.000000
   2013       2      18    14866.666667
   2013       2      19    14833.333333
   2013       2      20    14833.333333
   2013       2      21    15483.333333
   2013       2      22    15891.666667
   2013       2      23    15975.000000
   2013       2      24    16200.000000
   2013       2      25    16433.333333
   2013       2      26    16766.666667
   2013       2      27    17033.333333
   2013       2      28    17233.333333
   2013       3       1    16633.333333
   2013       3       2    16033.333333
   2013       3       3    16116.666667
   2013       3       4    16441.666667
   2013       3       5    16766.666667
   2013       3       6    16758.333333
   2013       3       7    17000.000000
   2013       3       8    17083.333333
   2013       3       9    17083.333333
   2013       3      10    16500.000000
   2013       3      11    16966.666667
   2013       3      12    17033.333333
   2013       3      13    16708.333333
   2013       3      14    16491.666667
   2013       3      15    15808.333333
   2013       3      16    15300.000000
   2013       3      17    14866.666667
   2013       3      18    15133.333333
   2013       3      19    15216.666667
   2013       3      20    15450.000000
   2013       3      21    15666.666667
   2013       3      22    15916.666667
   2013       3      23    16808.333333
   2013       3      24    18083.333333
   2013       3      25    18908.333333
   2013       3      26    19950.000000
   2013       3      27    20925.000000
   2013       3      28    21883.333333
   2013       3      29    22975.000000
   2013       3      30    24066.666667
   2013       3      31    24891.666667
   2013       4       1    25575.000000
   2013       4       2    26233.333333
   2013       4       3    26400.000000
   2013       4       4    26391.666667
   2013       4       5    26066.666667
   2013       4       6    25616.666667
   2013       4       7    25441.666667
   2013       4       8    25958.333333
   2013       4       9    26591.666667
   2013       4      10    27325.000000
   2013       4      11    28016.666667
   2013       4      12    28408.333333
   2013       4      13    28583.333333
   2013       4      14    28425.000000
   2013       4      15    27908.333333
   2013       4      16    27300.000000
   2013       4      17    26566.666667
   2013       4      18    25850.000000
   2013       4      19    24975.000000
   2013       4      20    24183.333333
   2013       4      21    23350.000000
   2013       4      22    22783.333333
   2013       4      23    22350.000000
   2013       4      24    22266.666667
   2013       4      25    22500.000000
   2013       4      26    22733.333333
   2013       4      27    22950.000000
   2013       4      28    23075.000000
   2013       4      29    23066.666667
   2013       4      30    23433.333333
   2013       5       1    24091.666667
   2013       5       2    24658.333333
   2013       5       3    25191.666667
   2013       5       4    25725.000000
   2013       5       5    26116.666667
   2013       5       6    26375.000000
   2013       5       7    26583.333333
   2013       5       8    26883.333333
   2013       5       9    27766.666667
   2013       5      10    29016.666667
   2013       5      11    29700.000000
   2013       5      12    30208.333333
   2013       5      13    30783.333333
   2013       5      14    31341.666667
   2013       5      15    32041.666667
   2013       5      16    33650.000000
   2013       5      17    34975.000000
   2013       5      18    34766.666667
   2013       5      19    35466.666667
   2013       5      20    36816.666667
   2013       5      21    38666.666667
   2013       5      22    39875.000000
   2013       5      23    40241.666667
   2013       5      24    40583.333333
   2013       5      25    40591.666667
   2013       5      26    40775.000000
   2013       5      27    41366.666667
   2013       5      28    41350.000000
   2013       5      29    40891.666667
   2013       5      30    40558.333333
   2013       5      31    40625.000000
   2013       6       1    40783.333333
   2013       6       2    40741.666667
   2013       6       3    40700.000000
   2013       6       4    40716.666667
   2013       6       5    40791.666667
   2013       6       6    40808.333333
   2013       6       7    41066.666667
   2013       6       8    42383.333333
   2013       6       9    43025.000000
   2013       6      10    43150.000000
   2013       6      11    43066.666667
   2013       6      12    43166.666667
   2013       6      13    43216.666667
   2013       6      14    43150.000000
   2013       6      15    43341.666667
   2013       6      16    43316.666667
   2013       6      17    43000.000000
   2013       6      18    42491.666667
   2013       6      19    41833.333333
   2013       6      20    41200.000000
   2013       6      21    40683.333333
   2013       6      22    40141.666667
   2013       6      23    39800.000000
   2013       6      24    38875.000000
   2013       6      25    39316.666667
   2013       6      26    38900.000000
   2013       6      27    38425.000000
   2013       6      28    38966.666667
   2013       6      29    39600.000000
   2013       6      30    39158.333333
   2013       7       1    39400.000000
   2013       7       2    40591.666667
   2013       7       3    41550.000000
   2013       7       4    41750.000000
   2013       7       5    41541.666667
   2013       7       6    42816.666667
   2013       7       7    44500.000000
   2013       7       8    45333.333333
   2013       7       9    45466.666667
   2013       7      10    44650.000000
   2013       7      11    42883.333333
   2013       7      12    41750.000000
   2013       7      13    41258.333333
   2013       7      14    40725.000000
   2013       7      15    40558.333333
   2013       7      16    40291.666667
   2013       7      17    39866.666667
   2013       7      18    39658.333333
   2013       7      19    39508.333333
   2013       7      20    40416.666667
   2013       7      21    40783.333333
   2013       7      22    40841.666667
   2013       7      23    41216.666667
   2013       7      24    41375.000000
   2013       7      25    41325.000000
   2013       7      26    41083.333333
   2013       7      27    40991.666667
   2013       7      28    40883.333333
   2013       7      29    40708.333333
   2013       7      30    40300.000000
   2013       7      31    39741.666667
   2013       8       1    39350.000000
   2013       8       2    38950.000000
   2013       8       3    38833.333333
   2013       8       4    38466.666667
   2013       8       5    37175.000000
   2013       8       6    36558.333333
   2013       8       7    36391.666667
   2013       8       8    36241.666667
   2013       8       9    36000.000000
   2013       8      10    36100.000000
   2013       8      11    36000.000000
   2013       8      12    35716.666667
   2013       8      13    35358.333333
   2013       8      14    34358.333333
   2013       8      15    33525.000000
   2013       8      16    32808.333333
   2013       8      17    32233.333333
   2013       8      18    31891.666667
   2013       8      19    31516.666667
   2013       8      20    31241.666667
   2013       8      21    31075.000000
   2013       8      22    30891.666667
   2013       8      23    30608.333333
   2013       8      24    30916.666667
   2013       8      25    30341.666667
   2013       8      26    30083.333333
   2013       8      27    30350.000000
   2013       8      28    30483.333333
   2013       8      29    30316.666667
   2013       8      30    29808.333333
   2013       8      31    29983.333333
   2013       9       1    29925.000000
   2013       9       2    29366.666667
   2013       9       3    28883.333333
   2013       9       4    28483.333333
   2013       9       5    28016.666667
   2013       9       6    27350.000000
   2013       9       7    26800.000000
   2013       9       8    26083.333333
   2013       9       9    25500.000000
   2013       9      10    25066.666667
   2013       9      11    24591.666667
   2013       9      12    24158.333333
   2013       9      13    23741.666667
   2013       9      14    23466.666667
   2013       9      15    23083.333333
   2013       9      16    22675.000000
   2013       9      17    23483.333333
   2013       9      18    24016.666667
   2013       9      19    24350.000000
   2013       9      20    24450.000000
   2013       9      21    23808.333333
   2013       9      22    23583.333333
   2013       9      23    23691.666667
   2013       9      24    23875.000000
   2013       9      25    23600.000000
   2013       9      26    23475.000000
   2013       9      27    23700.000000
   2013       9      28    24066.666667
   2013       9      29    25100.000000
   2013       9      30    26566.666667
   2013      10       1    28458.333333
   2013      10       2    29916.666667
   2013      10       3    30566.666667
   2013      10       4    30300.000000
   2013      10       5    29766.666667
   2013      10       6    29800.000000
   2013      10       7    29966.666667
   2013      10       8    29800.000000
   2013      10       9    28483.333333
   2013      10      10    27525.000000
   2013      10      11    26750.000000
   2013      10      12    25733.333333
   2013      10      13    24891.666667
   2013      10      14    23866.666667
   2013      10      15    23358.333333
   2013      10      16    22816.666667
   2013      10      17    21858.333333
   2013      10      18    19583.333333
   2013      10      19    18341.666667
   2013      10      20    17666.666667
   2013      10      21    16900.000000
   2013      10      22    16116.666667
   2013      10      23    15433.333333
   2013      10      24    14875.000000
   2013      10      25    14566.666667
   2013      10      26    14100.000000
   2013      10      27    13633.333333
   2013      10      28    13083.333333
   2013      10      29    12908.333333
   2013      10      30    12675.000000
   2013      10      31    12683.333333
   2013      11       1    12400.000000
   2013      11       2    12341.666667
   2013      11       3    12483.333333
   2013      11       4    12741.666667
   2013      11       5    13033.333333
   2013      11       6    13325.000000
   2013      11       7    13325.000000
   2013      11       8    13475.000000
   2013      11       9    13625.000000
   2013      11      10    13416.666667
   2013      11      11    13250.000000
   2013      11      12    11775.000000
   2013      11      13    10800.000000
   2013      11      14    10958.333333
   2013      11      15    11766.666667
   2013      11      16    12166.666667
   2013      11      17    12450.000000
   2013      11      18    12941.666667
   2013      11      19    13641.666667
   2013      11      20    14166.666667
   2013      11      21    14433.333333
   2013      11      22    15033.333333
   2013      11      23    15200.000000
   2013      11      24    14933.333333
   2013      11      25    14208.333333
   2013      11      26    13550.000000
   2013      11      27    13208.333333
   2013      11      28    12725.000000
   2013      11      29    12558.333333
   2013      11      30    12158.333333
   2013      12       1    12150.000000
   2013      12       2    12350.000000
   2013      12       3    12566.666667
   2013      12       4    12833.333333
   2013      12       5    13058.333333
   2013      12       6    13141.666667
   2013      12       7    12783.333333
   2013      12       8    12533.333333
   2013      12       9    12633.333333
   2013      12      10    12266.666667
   2013      12      11    11516.666667
   2013      12      12    10683.333333
   2013      12      13    10416.666667
   2013      12      14    10875.000000
   2013      12      15    11100.000000
   2013      12      16    11200.000000
   2013      12      17    11016.666667
   2013      12      18    11233.333333
   2013      12      19    11533.333333
   2013      12      20    11733.333333
   2013      12      21    11866.666667
   2013      12      22    11966.666667
   2013      12      23    12800.000000
   2013      12      24    13600.000000
   2013      12      25    13533.333333
   2013      12      26    13333.333333
   2013      12      27    13100.000000
   2013      12      28    12733.333333
   2013      12      29    12266.666667
   2013      12      30    11966.666667
   2013      12      31    11700.000000
