   2014       1       1    11400.000000
   2014       1       2    11700.000000
   2014       1       3    11966.666667
   2014       1       4    12066.666667
   2014       1       5    12233.333333
   2014       1       6    12433.333333
   2014       1       7    11766.666667
   2014       1       8    11200.000000
   2014       1       9    10700.000000
   2014       1      10    10633.333333
   2014       1      11    10366.666667
   2014       1      12    10400.000000
   2014       1      13    10400.000000
   2014       1      14    10466.666667
   2014       1      15    11175.000000
   2014       1      16    11766.666667
   2014       1      17    11933.333333
   2014       1      18    11866.666667
   2014       1      19    11741.666667
   2014       1      20    11983.333333
   2014       1      21    12041.666667
   2014       1      22    12033.333333
   2014       1      23    11916.666667
   2014       1      24    11800.000000
   2014       1      25    11591.666667
   2014       1      26    11250.000000
   2014       1      27    11241.666667
   2014       1      28    11133.333333
   2014       1      29    11080.000000
   2014       1      30    11125.000000
   2014       1      31    11170.000000
   2014       2       1    11215.000000
   2014       2       2    11260.000000
   2014       2       3    11305.000000
   2014       2       4    11350.000000
   2014       2       5    11395.000000
   2014       2       6    11440.000000
   2014       2       7    11485.000000
   2014       2       8    11033.333333
   2014       2       9    10523.333333
   2014       2      10    10108.333333
   2014       2      11     9811.666667
   2014       2      12     9897.500000
   2014       2      13    10660.000000
   2014       2      14    11066.666667
   2014       2      15    10900.000000
   2014       2      16    11000.000000
   2014       2      17    11566.666667
   2014       2      18    11916.666667
   2014       2      19    12325.000000
   2014       2      20    12333.333333
   2014       2      21    12216.666667
   2014       2      22    11933.333333
   2014       2      23    11800.000000
   2014       2      24    11766.666667
   2014       2      25    11633.333333
   2014       2      26    12525.000000
   2014       2      27    13200.000000
   2014       2      28    13550.000000
   2014       3       1    14291.666667
   2014       3       2    14533.333333
   2014       3       3    15366.666667
   2014       3       4    16300.000000
   2014       3       5    16650.000000
   2014       3       6    16950.000000
   2014       3       7    17075.000000
   2014       3       8    17025.000000
   2014       3       9    16933.333333
   2014       3      10    16483.333333
   2014       3      11    17075.000000
   2014       3      12    17441.666667
   2014       3      13    17675.000000
   2014       3      14    17866.666667
   2014       3      15    18033.333333
   2014       3      16    18458.333333
   2014       3      17    18995.833333
   2014       3      18    19391.666667
   2014       3      19    20000.000000
   2014       3      20    20350.000000
   2014       3      21    20333.333333
   2014       3      22    19866.666667
   2014       3      23    19216.666667
   2014       3      24    18800.000000
   2014       3      25    17833.333333
   2014       3      26    17116.666667
   2014       3      27    16708.333333
   2014       3      28    16458.333333
   2014       3      29    16600.000000
   2014       3      30    16433.333333
   2014       3      31    16916.666667
   2014       4       1    17708.333333
   2014       4       2    18516.666667
   2014       4       3    18466.666667
   2014       4       4    18683.333333
   2014       4       5    19025.000000
   2014       4       6    18900.000000
   2014       4       7    18866.666667
   2014       4       8    18933.333333
   2014       4       9    19183.333333
   2014       4      10    19183.333333
   2014       4      11    19008.333333
   2014       4      12    19233.333333
   2014       4      13    19658.333333
   2014       4      14    19950.000000
   2014       4      15    20241.666667
   2014       4      16    20766.666667
   2014       4      17    20741.666667
   2014       4      18    21008.333333
   2014       4      19    21466.666667
   2014       4      20    22400.000000
   2014       4      21    23116.666667
   2014       4      22    23141.666667
   2014       4      23    23358.333333
   2014       4      24    23650.000000
   2014       4      25    23991.666667
   2014       4      26    24416.666667
   2014       4      27    24854.166667
   2014       4      28    25683.333333
   2014       4      29    26525.000000
   2014       4      30    27341.666667
   2014       5       1    28541.666667
   2014       5       2    29200.000000
   2014       5       3    29300.000000
   2014       5       4    29300.000000
   2014       5       5    28233.333333
   2014       5       6    27600.000000
   2014       5       7    27216.666667
   2014       5       8    26650.000000
   2014       5       9    26366.666667
   2014       5      10    26583.333333
   2014       5      11    26970.833333
   2014       5      12    28250.000000
   2014       5      13    30391.666667
   2014       5      14    32058.333333
   2014       5      15    33433.333333
   2014       5      16    33683.333333
   2014       5      17    34125.000000
   2014       5      18    35200.000000
   2014       5      19    36666.666667
   2014       5      20    36583.333333
   2014       5      21    36608.333333
   2014       5      22    37241.666667
   2014       5      23    37775.000000
   2014       5      24    38508.333333
   2014       5      25    38866.666667
   2014       5      26    39166.666667
   2014       5      27    39700.000000
   2014       5      28    40200.000000
   2014       5      29    40766.666667
   2014       5      30    41958.333333
   2014       5      31    42700.000000
   2014       6       1    43075.000000
   2014       6       2    43666.666667
   2014       6       3    43550.000000
   2014       6       4    43225.000000
   2014       6       5    43016.666667
   2014       6       6    42816.666667
   2014       6       7    41850.000000
   2014       6       8    41133.333333
   2014       6       9    40633.333333
   2014       6      10    40433.333333
   2014       6      11    40291.666667
   2014       6      12    40008.333333
   2014       6      13    39650.000000
   2014       6      14    39375.000000
   2014       6      15    39150.000000
   2014       6      16    38925.000000
   2014       6      17    38566.666667
   2014       6      18    37875.000000
   2014       6      19    37183.333333
   2014       6      20    35391.666667
   2014       6      21    34133.333333
   2014       6      22    34250.000000
   2014       6      23    34775.000000
   2014       6      24    35716.666667
   2014       6      25    37466.666667
   2014       6      26    40166.666667
   2014       6      27    42325.000000
   2014       6      28    41900.000000
   2014       6      29    41733.333333
   2014       6      30    42066.666667
   2014       7       1    42350.000000
   2014       7       2    42366.666667
   2014       7       3    43175.000000
   2014       7       4    43483.333333
   2014       7       5    44008.333333
   2014       7       6    46033.333333
   2014       7       7    47050.000000
   2014       7       8    45058.333333
   2014       7       9    43741.666667
   2014       7      10    44000.000000
   2014       7      11    44233.333333
   2014       7      12    44816.666667
   2014       7      13    45300.000000
   2014       7      14    45533.333333
   2014       7      15    45650.000000
   2014       7      16    45741.666667
   2014       7      17    48858.333333
   2014       7      18    50500.000000
   2014       7      19    50650.000000
   2014       7      20    50766.666667
   2014       7      21    51483.333333
   2014       7      22    52208.333333
   2014       7      23    53533.333333
   2014       7      24    53566.666667
   2014       7      25    53766.666667
   2014       7      26    55800.000000
   2014       7      27    55833.333333
   2014       7      28    55000.000000
   2014       7      29    54066.666667
   2014       7      30    53366.666667
   2014       7      31    52750.000000
   2014       8       1    51341.666667
   2014       8       2    49450.000000
   2014       8       3    48466.666667
   2014       8       4    47566.666667
   2014       8       5    46933.333333
   2014       8       6    45583.333333
   2014       8       7    44141.666667
   2014       8       8    42775.000000
   2014       8       9    42233.333333
   2014       8      10    41866.666667
   2014       8      11    41150.000000
   2014       8      12    40408.333333
   2014       8      13    39925.000000
   2014       8      14    39850.000000
   2014       8      15    39341.666667
   2014       8      16    39091.666667
   2014       8      17    39033.333333
   2014       8      18    38733.333333
   2014       8      19    38533.333333
   2014       8      20    38833.333333
   2014       8      21    38883.333333
   2014       8      22    39558.333333
   2014       8      23    40108.333333
   2014       8      24    40400.000000
   2014       8      25    40700.000000
   2014       8      26    40800.000000
   2014       8      27    40983.333333
   2014       8      28    41491.666667
   2014       8      29    41816.666667
   2014       8      30    41825.000000
   2014       8      31    41800.000000
   2014       9       1    41966.666667
   2014       9       2    42000.000000
   2014       9       3    41975.000000
   2014       9       4    41841.666667
   2014       9       5    41675.000000
   2014       9       6    41541.666667
   2014       9       7    41633.333333
   2014       9       8    41766.666667
   2014       9       9    41766.666667
   2014       9      10    41616.666667
   2014       9      11    41600.000000
   2014       9      12    41675.000000
   2014       9      13    41233.333333
   2014       9      14    40733.333333
   2014       9      15    40333.333333
   2014       9      16    40066.666667
   2014       9      17    39733.333333
   2014       9      18    39600.000000
   2014       9      19    39600.000000
   2014       9      20    39533.333333
   2014       9      21    39658.333333
   2014       9      22    39895.833333
   2014       9      23    40925.000000
   2014       9      24    42000.000000
   2014       9      25    41966.666667
   2014       9      26    42000.000000
   2014       9      27    42000.000000
   2014       9      28    41850.000000
   2014       9      29    42066.666667
   2014       9      30    41600.000000
   2014      10       1    40875.000000
   2014      10       2    40237.500000
   2014      10       3    39600.000000
   2014      10       4    38962.500000
   2014      10       5    38325.000000
   2014      10       6    37687.500000
   2014      10       7    37050.000000
   2014      10       8    36412.500000
   2014      10       9    36000.000000
   2014      10      10    35500.000000
   2014      10      11    35433.333333
   2014      10      12    35033.333333
   2014      10      13    34333.333333
   2014      10      14    33433.333333
   2014      10      15    32233.333333
   2014      10      16    31066.666667
   2014      10      17    29766.666667
   2014      10      18    28744.444444
   2014      10      19    27911.111111
   2014      10      20    27077.777778
   2014      10      21    26133.333333
   2014      10      22    25133.333333
   2014      10      23    24400.000000
   2014      10      24    23800.000000
   2014      10      25    23088.888889
   2014      10      26    22322.222222
   2014      10      27    21555.555556
   2014      10      28    20700.000000
   2014      10      29    19866.666667
   2014      10      30    19466.666667
   2014      10      31    19600.000000
   2014      11       1    20633.333333
   2014      11       2    22033.333333
   2014      11       3    23433.333333
   2014      11       4    24766.666667
   2014      11       5    25933.333333
   2014      11       6    26700.000000
   2014      11       7    27166.666667
   2014      11       8    27433.333333
   2014      11       9    27633.333333
   2014      11      10    27833.333333
   2014      11      11    27900.000000
   2014      11      12    27833.333333
   2014      11      13    27666.666667
   2014      11      14    27466.666667
   2014      11      15    27022.222222
   2014      11      16    26455.555556
   2014      11      17    25888.888889
   2014      11      18    25300.000000
   2014      11      19    24566.666667
   2014      11      20    23700.000000
   2014      11      21    22666.666667
   2014      11      22    21588.888889
   2014      11      23    20522.222222
   2014      11      24    19455.555556
   2014      11      25    18633.333333
   2014      11      26    18000.000000
   2014      11      27    17400.000000
   2014      11      28    17000.000000
   2014      11      29    17011.111111
   2014      11      30    17177.777778
   2014      12       1    17344.444444
   2014      12       2    17800.000000
   2014      12       3    18533.333333
   2014      12       4    19000.000000
   2014      12       5    19300.000000
   2014      12       6    19533.333333
   2014      12       7    19733.333333
   2014      12       8    19933.333333
   2014      12       9    20133.333333
   2014      12      10    20400.000000
   2014      12      11    20500.000000
   2014      12      12    20433.333333
   2014      12      13    20133.333333
   2014      12      14    19733.333333
   2014      12      15    19333.333333
   2014      12      16    18933.333333
   2014      12      17    18533.333333
   2014      12      18    17933.333333
   2014      12      19    17233.333333
   2014      12      20    16666.666667
   2014      12      21    15700.000000
   2014      12      22    15516.666667
   2014      12      23    15191.666667
   2014      12      24    14591.666667
   2014      12      25    14133.333333
   2014      12      26    13733.333333
   2014      12      27    13444.444444
   2014      12      28    13211.111111
   2014      12      29    12977.777778
   2014      12      30    12833.333333
   2014      12      31    13066.666667
