   2015       1       1    13133.333333
   2015       1       2    13033.333333
   2015       1       3    12933.333333
   2015       1       4    12833.333333
   2015       1       5    12666.666667
   2015       1       6    12400.000000
   2015       1       7    12233.333333
   2015       1       8    12266.666667
   2015       1       9    12100.000000
   2015       1      10    11866.666667
   2015       1      11    11666.666667
   2015       1      12    11466.666667
   2015       1      13    11333.333333
   2015       1      14    11366.666667
   2015       1      15    11533.333333
   2015       1      16    11666.666667
   2015       1      17    11677.777778
   2015       1      18    11644.444444
   2015       1      19    11611.111111
   2015       1      20    11466.666667
   2015       1      21    11533.333333
   2015       1      22    11666.666667
   2015       1      23    11700.000000
   2015       1      24    11677.777778
   2015       1      25    11644.444444
   2015       1      26    11611.111111
   2015       1      27    11466.666667
   2015       1      28    11533.333333
   2015       1      29    12000.000000
   2015       1      30    12266.666667
   2015       1      31    12188.888889
   2015       2       1    12022.222222
   2015       2       2    11855.555556
   2015       2       3    11800.000000
   2015       2       4    11866.666667
   2015       2       5    11833.333333
   2015       2       6    11800.000000
   2015       2       7    11800.000000
   2015       2       8    11800.000000
   2015       2       9    11800.000000
   2015       2      10    11800.000000
   2015       2      11    11600.000000
   2015       2      12    11366.666667
   2015       2      13    11033.333333
   2015       2      14    11066.666667
   2015       2      15    11316.666667
   2015       2      16    11333.333333
   2015       2      17    11381.481481
   2015       2      18    11503.703704
   2015       2      19    11625.925926
   2015       2      20    11748.148148
   2015       2      21    11870.370370
   2015       2      22    11992.592593
   2015       2      23    12114.814815
   2015       2      24    12237.037037
   2015       2      25    12359.259259
   2015       2      26    12733.333333
   2015       2      27    13366.666667
   2015       2      28    14733.333333
   2015       3       1    16233.333333
   2015       3       2    17633.333333
   2015       3       3    18766.666667
   2015       3       4    19500.000000
   2015       3       5    19966.666667
   2015       3       6    20500.000000
   2015       3       7    20744.444444
   2015       3       8    20811.111111
   2015       3       9    20877.777778
   2015       3      10    20966.666667
   2015       3      11    21333.333333
   2015       3      12    21566.666667
   2015       3      13    21466.666667
   2015       3      14    21557.333333
   2015       3      15    21793.333333
   2015       3      16    22029.333333
   2015       3      17    22265.333333
   2015       3      18    22501.333333
   2015       3      19    22737.333333
   2015       3      20    22973.333333
   2015       3      21    23209.333333
   2015       3      22    23445.333333
   2015       3      23    23681.333333
   2015       3      24    23917.333333
   2015       3      25    24153.333333
   2015       3      26    24389.333333
   2015       3      27    24625.333333
   2015       3      28    24861.333333
   2015       3      29    25097.333333
   2015       3      30    25333.333333
   2015       3      31    25569.333333
   2015       4       1    25805.333333
   2015       4       2    26041.333333
   2015       4       3    26277.333333
   2015       4       4    26513.333333
   2015       4       5    26749.333333
   2015       4       6    26985.333333
   2015       4       7    27221.333333
   2015       4       8    28366.666667
   2015       4       9    29633.333333
   2015       4      10    30600.000000
   2015       4      11    31077.777778
   2015       4      12    31344.444444
   2015       4      13    31611.111111
   2015       4      14    31633.333333
   2015       4      15    31266.666667
   2015       4      16    30766.666667
   2015       4      17    30066.666667
   2015       4      18    29155.555556
   2015       4      19    28188.888889
   2015       4      20    27222.222222
   2015       4      21    26300.000000
   2015       4      22    25666.666667
   2015       4      23    25300.000000
   2015       4      24    25033.333333
   2015       4      25    24783.333333
   2015       4      26    24533.333333
   2015       4      27    24283.333333
   2015       4      28    24104.761905
   2015       4      29    23961.904762
   2015       4      30    23819.047619
   2015       5       1    23676.190476
   2015       5       2    23533.333333
   2015       5       3    23390.476190
   2015       5       4    23247.619048
   2015       5       5    23333.333333
   2015       5       6    23466.666667
   2015       5       7    23766.666667
   2015       5       8    23833.333333
   2015       5       9    24177.777778
   2015       5      10    24744.444444
   2015       5      11    25311.111111
   2015       5      12    26262.962963
   2015       5      13    27407.407407
   2015       5      14    28551.851852
   2015       5      15    29696.296296
   2015       5      16    30840.740741
   2015       5      17    31985.185185
   2015       5      18    33129.629630
   2015       5      19    34274.074074
   2015       5      20    35418.518518
   2015       5      21    36041.666667
   2015       5      22    36404.166667
   2015       5      23    36766.666667
   2015       5      24    37129.166667
   2015       5      25    37491.666667
   2015       5      26    37854.166667
   2015       5      27    38216.666667
   2015       5      28    38579.166667
   2015       5      29    38941.666667
   2015       5      30    39304.166667
   2015       5      31    39666.666667
   2015       6       1    40029.166667
   2015       6       2    40391.666667
   2015       6       3    40754.166667
   2015       6       4    41116.666667
   2015       6       5    41479.166667
   2015       6       6    42276.190476
   2015       6       7    43290.476190
   2015       6       8    44304.761905
   2015       6       9    45319.047619
   2015       6      10    46333.333333
   2015       6      11    47347.619048
   2015       6      12    48361.904762
   2015       6      13    49203.030303
   2015       6      14    49957.575758
   2015       6      15    50712.121212
   2015       6      16    51466.666667
   2015       6      17    52221.212121
   2015       6      18    52975.757576
   2015       6      19    53730.303030
   2015       6      20    54484.848485
   2015       6      21    55239.393939
   2015       6      22    55993.939394
   2015       6      23    56748.484848
   2015       6      24    57666.666667
   2015       6      25    57700.000000
   2015       6      26    57250.000000
   2015       6      27    56677.777778
   2015       6      28    56044.444444
   2015       6      29    55411.111111
   2015       6      30    54666.666667
   2015       7       1    53600.000000
   2015       7       2    53333.333333
   2015       7       3    53333.333333
   2015       7       4    53266.666667
   2015       7       5    53216.666667
   2015       7       6    53166.666667
   2015       7       7    53116.666667
   2015       7       8    53133.333333
   2015       7       9    53183.333333
   2015       7      10    52866.666667
   2015       7      11    52611.111111
   2015       7      12    52477.777778
   2015       7      13    52344.444444
   2015       7      14    51566.666667
   2015       7      15    50866.666667
   2015       7      16    50166.666667
   2015       7      17    49366.666667
   2015       7      18    48566.666667
   2015       7      19    47766.666667
   2015       7      20    46966.666667
   2015       7      21    46166.666667
   2015       7      22    45933.333333
   2015       7      23    45983.333333
   2015       7      24    46033.333333
   2015       7      25    46083.333333
   2015       7      26    46133.333333
   2015       7      27    46183.333333
   2015       7      28    46233.333333
   2015       7      29    46283.333333
   2015       7      30    45766.666667
   2015       7      31    44966.666667
   2015       8       1    44033.333333
   2015       8       2    43033.333333
   2015       8       3    42033.333333
   2015       8       4    40900.000000
   2015       8       5    39766.666667
   2015       8       6    38666.666667
   2015       8       7    37366.666667
   2015       8       8    36211.111111
   2015       8       9    35177.777778
   2015       8      10    34144.444444
   2015       8      11    33200.000000
   2015       8      12    32300.000000
   2015       8      13    31666.666667
   2015       8      14    31166.666667
   2015       8      15    30688.888889
   2015       8      16    30222.222222
   2015       8      17    29755.555556
   2015       8      18    29266.666667
   2015       8      19    29233.333333
   2015       8      20    29366.666667
   2015       8      21    29666.666667
   2015       8      22    29800.000000
   2015       8      23    29800.000000
   2015       8      24    29800.000000
   2015       8      25    29933.333333
   2015       8      26    30000.000000
   2015       8      27    29826.666667
   2015       8      28    29566.666667
   2015       8      29    29306.666667
   2015       8      30    29046.666667
   2015       8      31    28786.666667
   2015       9       1    28766.666667
   2015       9       2    28880.000000
   2015       9       3    29000.000000
   2015       9       4    29120.000000
   2015       9       5    29240.000000
   2015       9       6    29360.000000
   2015       9       7    29500.000000
   2015       9       8    29650.000000
   2015       9       9    29833.333333
   2015       9      10    30033.333333
   2015       9      11    30433.333333
   2015       9      12    30622.222222
   2015       9      13    30655.555556
   2015       9      14    30688.888889
   2015       9      15    30833.333333
   2015       9      16    30900.000000
   2015       9      17    30900.000000
   2015       9      18    30900.000000
   2015       9      19    30922.222222
   2015       9      20    30955.555556
   2015       9      21    30988.888889
   2015       9      22    31100.000000
   2015       9      23    31250.000000
   2015       9      24    31366.666667
   2015       9      25    31333.333333
   2015       9      26    31233.333333
   2015       9      27    31149.812734
   2015       9      28    31074.531835
   2015       9      29    30999.250936
   2015       9      30    30923.970037
   2015      10       1    30848.689139
   2015      10       2    30773.408240
   2015      10       3    30698.127341
   2015      10       4    30622.846442
   2015      10       5    30547.565543
   2015      10       6    30472.284644
   2015      10       7    30397.003745
   2015      10       8    30321.722846
   2015      10       9    30246.441948
   2015      10      10    30171.161049
   2015      10      11    30095.880150
   2015      10      12    30020.599251
   2015      10      13    29945.318352
   2015      10      14    29870.037453
   2015      10      15    29794.756554
   2015      10      16    29719.475655
   2015      10      17    29644.194757
   2015      10      18    29568.913858
   2015      10      19    29493.632959
   2015      10      20    29418.352060
   2015      10      21    29343.071161
   2015      10      22    29267.790262
   2015      10      23    29192.509363
   2015      10      24    29117.228464
   2015      10      25    29041.947566
   2015      10      26    28966.666667
   2015      10      27    28891.385768
   2015      10      28    28816.104869
   2015      10      29    28740.823970
   2015      10      30    28665.543071
   2015      10      31    28590.262172
   2015      11       1    28514.981273
   2015      11       2    28439.700375
   2015      11       3    28364.419476
   2015      11       4    28289.138577
   2015      11       5    28213.857678
   2015      11       6    28138.576779
   2015      11       7    28063.295880
   2015      11       8    27988.014981
   2015      11       9    27912.734082
   2015      11      10    27837.453184
   2015      11      11    27762.172285
   2015      11      12    27686.891386
   2015      11      13    27611.610487
   2015      11      14    27536.329588
   2015      11      15    27461.048689
   2015      11      16    27385.767790
   2015      11      17    27310.486891
   2015      11      18    27235.205993
   2015      11      19    27159.925094
   2015      11      20    27084.644195
   2015      11      21    27009.363296
   2015      11      22    26934.082397
   2015      11      23    26858.801498
   2015      11      24    26783.520599
   2015      11      25    26708.239700
   2015      11      26    26632.958802
   2015      11      27    26557.677903
   2015      11      28    26482.397004
   2015      11      29    26407.116105
   2015      11      30    26331.835206
   2015      12       1    26256.554307
   2015      12       2    26181.273408
   2015      12       3    26105.992509
   2015      12       4    26030.711610
   2015      12       5    25955.430712
   2015      12       6    25880.149813
   2015      12       7    25804.868914
   2015      12       8    25729.588015
   2015      12       9    25654.307116
   2015      12      10    25579.026217
   2015      12      11    25503.745318
   2015      12      12    25428.464419
   2015      12      13    25353.183521
   2015      12      14    25277.902622
   2015      12      15    25202.621723
   2015      12      16    25127.340824
   2015      12      17    25052.059925
   2015      12      18    24976.779026
   2015      12      19    24901.498127
   2015      12      20    24826.217228
   2015      12      21    24750.936330
   2015      12      22    24675.655431
   2015      12      23    24600.374532
   2015      12      24    24525.093633
   2015      12      25    24233.333333
   2015      12      26    23966.666667
   2015      12      27    23633.333333
   2015      12      28    23366.666667
   2015      12      29    23366.666667
   2015      12      30    23266.666667
   2015      12      31    22866.666667
