   2016       1       1    22366.666667
   2016       1       2    22000.000000
   2016       1       3    21366.666667
   2016       1       4    20900.000000
   2016       1       5    20333.333333
   2016       1       6    19900.000000
   2016       1       7    19533.333333
   2016       1       8    19266.666667
   2016       1       9    19000.000000
   2016       1      10    18766.666667
   2016       1      11    18633.333333
   2016       1      12    18533.333333
   2016       1      13    18766.666667
   2016       1      14    19233.333333
   2016       1      15    19733.333333
   2016       1      16    20166.666667
   2016       1      17    20566.666667
   2016       1      18    21033.333333
   2016       1      19    21333.333333
   2016       1      20    21533.333333
   2016       1      21    21533.333333
   2016       1      22    21433.333333
   2016       1      23    21200.000000
   2016       1      24    21300.000000
   2016       1      25    21400.000000
   2016       1      26    21133.333333
   2016       1      27    20866.666667
   2016       1      28    20933.333333
   2016       1      29    21200.000000
   2016       1      30    21433.333333
   2016       1      31    21833.333333
   2016       2       1    22066.666667
   2016       2       2    22500.000000
   2016       2       3    23100.000000
   2016       2       4    23566.666667
   2016       2       5    23900.000000
   2016       2       6    24066.666667
   2016       2       7    23966.666667
   2016       2       8    23633.333333
   2016       2       9    22566.666667
   2016       2      10    22433.333333
   2016       2      11    22133.333333
   2016       2      12    21700.000000
   2016       2      13    21466.666667
   2016       2      14    20733.333333
   2016       2      15    19933.333333
   2016       2      16    19700.000000
   2016       2      17    19233.333333
   2016       2      18    18800.000000
   2016       2      19    18500.000000
   2016       2      20    18266.666667
   2016       2      21    18000.000000
   2016       2      22    17966.666667
   2016       2      23    17733.333333
   2016       2      24    17600.000000
   2016       2      25    17600.000000
   2016       2      26    17866.666667
   2016       2      27    18200.000000
   2016       2      28    18233.333333
   2016       2      29    18266.666667
   2016       3       1    18300.000000
   2016       3       2    18366.666667
   2016       3       3    18200.000000
   2016       3       4    17966.666667
   2016       3       5    17700.000000
   2016       3       6    17200.000000
   2016       3       7    16800.000000
   2016       3       8    16366.666667
   2016       3       9    16400.000000
   2016       3      10    16833.333333
   2016       3      11    17466.666667
   2016       3      12    18366.666667
   2016       3      13    18900.000000
   2016       3      14    19466.666667
   2016       3      15    20166.666667
   2016       3      16    20866.666667
   2016       3      17    21433.333333
   2016       3      18    21733.333333
   2016       3      19    21800.000000
   2016       3      20    21733.333333
   2016       3      21    21766.666667
   2016       3      22    21800.000000
   2016       3      23    22066.666667
   2016       3      24    22466.666667
   2016       3      25    23400.000000
   2016       3      26    24933.333333
   2016       3      27    26500.000000
   2016       3      28    27800.000000
   2016       3      29    28400.000000
   2016       3      30    28500.000000
   2016       3      31    28233.333333
   2016       4       1    27900.000000
   2016       4       2    27466.666667
   2016       4       3    27033.333333
   2016       4       4    26833.333333
   2016       4       5    26733.333333
   2016       4       6    26500.000000
   2016       4       7    26933.333333
   2016       4       8    27866.666667
   2016       4       9    28400.000000
   2016       4      10    28700.000000
   2016       4      11    29266.666667
   2016       4      12    30233.333333
   2016       4      13    31133.333333
   2016       4      14    31933.333333
   2016       4      15    32733.333333
   2016       4      16    33600.000000
   2016       4      17    34500.000000
   2016       4      18    35266.666667
   2016       4      19    36100.000000
   2016       4      20    37000.000000
   2016       4      21    38233.333333
   2016       4      22    40033.333333
   2016       4      23    42233.333333
   2016       4      24    42933.333333
   2016       4      25    43633.333333
   2016       4      26    44066.666667
   2016       4      27    44033.333333
   2016       4      28    44266.666667
   2016       4      29    44733.333333
   2016       4      30    45033.333333
   2016       5       1    45166.666667
   2016       5       2    45266.666667
   2016       5       3    44966.666667
   2016       5       4    45066.666667
   2016       5       5    44866.666667
   2016       5       6    44833.333333
   2016       5       7    44700.000000
   2016       5       8    44666.666667
   2016       5       9    44833.333333
   2016       5      10    45100.000000
   2016       5      11    46066.666667
   2016       5      12    47433.333333
   2016       5      13    48100.000000
   2016       5      14    48533.333333
   2016       5      15    49166.666667
   2016       5      16    49266.666667
   2016       5      17    49066.666667
   2016       5      18    48733.333333
   2016       5      19    48133.333333
   2016       5      20    47366.666667
   2016       5      21    46433.333333
   2016       5      22    46433.333333
   2016       5      23    47266.666667
   2016       5      24    48266.666667
   2016       5      25    48600.000000
   2016       5      26    48466.666667
   2016       5      27    48066.666667
   2016       5      28    47966.666667
   2016       5      29    47933.333333
   2016       5      30    48233.333333
   2016       5      31    48400.000000
   2016       6       1    48166.666667
   2016       6       2    47816.666667
   2016       6       3    48300.000000
   2016       6       4    49066.666667
   2016       6       5    50233.333333
   2016       6       6    50766.666667
   2016       6       7    50533.333333
   2016       6       8    50066.666667
   2016       6       9    49566.666667
   2016       6      10    49200.000000
   2016       6      11    48966.666667
   2016       6      12    48233.333333
   2016       6      13    47900.000000
   2016       6      14    47900.000000
   2016       6      15    47633.333333
   2016       6      16    47500.000000
   2016       6      17    47566.666667
   2016       6      18    47933.333333
   2016       6      19    48433.333333
   2016       6      20    49866.666667
   2016       6      21    51500.000000
   2016       6      22    52466.666667
   2016       6      23    52500.000000
   2016       6      24    52000.000000
   2016       6      25    50933.333333
   2016       6      26    50566.666667
   2016       6      27    50666.666667
   2016       6      28    50566.666667
   2016       6      29    51633.333333
   2016       6      30    52533.333333
   2016       7       1    53566.666667
   2016       7       2    55266.666667
   2016       7       3    58566.666667
   2016       7       4    62300.000000
   2016       7       5    65500.000000
   2016       7       6    66500.000000
   2016       7       7    65633.333333
   2016       7       8    68200.000000
   2016       7       9    69700.000000
   2016       7      10    69233.333333
   2016       7      11    67866.666667
   2016       7      12    69100.000000
   2016       7      13    68933.333333
   2016       7      14    69533.333333
   2016       7      15    69700.000000
   2016       7      16    68566.666667
   2016       7      17    67700.000000
   2016       7      18    66900.000000
   2016       7      19    65800.000000
   2016       7      20    66933.333333
   2016       7      21    67500.000000
   2016       7      22    67333.333333
   2016       7      23    67100.000000
   2016       7      24    66600.000000
   2016       7      25    65866.666667
   2016       7      26    65000.000000
   2016       7      27    64100.000000
   2016       7      28    63066.666667
   2016       7      29    61966.666667
   2016       7      30    60933.333333
   2016       7      31    60266.666667
   2016       8       1    59566.666667
   2016       8       2    59100.000000
   2016       8       3    58733.333333
   2016       8       4    58266.666667
   2016       8       5    57366.666667
   2016       8       6    56666.666667
   2016       8       7    56166.666667
   2016       8       8    55866.666667
   2016       8       9    55400.000000
   2016       8      10    54800.000000
   2016       8      11    54666.666667
   2016       8      12    54433.333333
   2016       8      13    54033.333333
   2016       8      14    53833.333333
   2016       8      15    53333.333333
   2016       8      16    52500.000000
   2016       8      17    52000.000000
   2016       8      18    51300.000000
   2016       8      19    50600.000000
   2016       8      20    49777.777778
   2016       8      21    48844.444444
   2016       8      22    47911.111111
   2016       8      23    47066.666667
   2016       8      24    46400.000000
   2016       8      25    45733.333333
   2016       8      26    44700.000000
   2016       8      27    43833.333333
   2016       8      28    43133.333333
   2016       8      29    42566.666667
   2016       8      30    41800.000000
   2016       8      31    41033.333333
   2016       9       1    40266.666667
   2016       9       2    39200.000000
   2016       9       3    37933.333333
   2016       9       4    36500.000000
   2016       9       5    35333.333333
   2016       9       6    34466.666667
   2016       9       7    33200.000000
   2016       9       8    31966.666667
   2016       9       9    30800.000000
   2016       9      10    29733.333333
   2016       9      11    28733.333333
   2016       9      12    27866.666667
   2016       9      13    27133.333333
   2016       9      14    26566.666667
   2016       9      15    25400.000000
   2016       9      16    25000.000000
   2016       9      17    25000.000000
   2016       9      18    24900.000000
   2016       9      19    24200.000000
   2016       9      20    23500.000000
   2016       9      21    22800.000000
   2016       9      22    22200.000000
   2016       9      23    21600.000000
   2016       9      24    20800.000000
   2016       9      25    20200.000000
   2016       9      26    19600.000000
   2016       9      27    19000.000000
   2016       9      28    18100.000000
   2016       9      29    16800.000000
   2016       9      30    18000.000000
   2016      10       1    18800.000000
   2016      10       2    19700.000000
   2016      10       3    20600.000000
   2016      10       4    20162.295082
   2016      10       5    20477.049180
   2016      10       6    21200.000000
   2016      10       7    21000.000000
   2016      10       8    20700.000000
   2016      10       9    20300.000000
   2016      10      10    19700.000000
   2016      10      11    19700.000000
   2016      10      12    19100.000000
   2016      10      13    18500.000000
   2016      10      14    17900.000000
   2016      10      15    17500.000000
   2016      10      16    17100.000000
   2016      10      17    17233.333333
   2016      10      18    17300.000000
   2016      10      19    17000.000000
   2016      10      20    16700.000000
   2016      10      21    16300.000000
   2016      10      22    16200.000000
   2016      10      23    16100.000000
   2016      10      24    16600.000000
   2016      10      25    17400.000000
   2016      10      26    17900.000000
   2016      10      27    17500.000000
   2016      10      28    17700.000000
   2016      10      29    18400.000000
   2016      10      30    19000.000000
   2016      10      31    19700.000000
   2016      11       1    19800.000000
   2016      11       2    19900.000000
   2016      11       3    20200.000000
   2016      11       4    20000.000000
   2016      11       5    19900.000000
   2016      11       6    20100.000000
   2016      11       7    20200.000000
   2016      11       8    19982.352941
   2016      11       9    20000.000000
   2016      11      10    20600.000000
   2016      11      11    20400.000000
   2016      11      12    20100.000000
   2016      11      13    20881.818182
   2016      11      14    20800.000000
   2016      11      15    21700.000000
   2016      11      16    22500.000000
   2016      11      17    23200.000000
   2016      11      18    23500.000000
   2016      11      19    23800.000000
   2016      11      20    23260.000000
   2016      11      21    23600.000000
   2016      11      22    23400.000000
   2016      11      23    22100.000000
   2016      11      24    22600.000000
   2016      11      25    22600.000000
   2016      11      26    22400.000000
   2016      11      27    22300.000000
   2016      11      28    22100.000000
   2016      11      29    22000.000000
   2016      11      30    22100.000000
   2016      12       1    22400.000000
   2016      12       2    22300.000000
   2016      12       3    22200.000000
   2016      12       4    21250.000000
   2016      12       5    20691.666667
   2016      12       6    20400.000000
   2016      12       7    20000.000000
   2016      12       8    19500.000000
   2016      12       9    18618.181818
   2016      12      10    18200.000000
   2016      12      11    17966.666667
   2016      12      12    16800.000000
   2016      12      13    16647.368421
   2016      12      14    16233.333333
   2016      12      15    15900.000000
   2016      12      16    15766.666667
   2016      12      17    15500.000000
   2016      12      18    15133.333333
   2016      12      19    15500.000000
   2016      12      20    15300.000000
   2016      12      21    14700.000000
   2016      12      22    15100.000000
   2016      12      23    14800.000000
   2016      12      24    14700.000000
   2016      12      25    14500.000000
   2016      12      26    14200.000000
   2016      12      27    14700.000000
   2016      12      28    15000.000000
   2016      12      29    15200.000000
   2016      12      30    15300.000000
   2016      12      31    15500.000000
