   2017       1       1    15600.000000
   2017       1       2    15500.000000
   2017       1       3    15500.000000
   2017       1       4    15400.000000
   2017       1       5    15300.000000
   2017       1       6    15000.000000
   2017       1       7    15300.000000
   2017       1       8    15700.000000
   2017       1       9    16100.000000
   2017       1      10    16100.000000
   2017       1      11    16300.000000
   2017       1      12    16900.000000
   2017       1      13    17500.000000
   2017       1      14    17800.000000
   2017       1      15    17600.000000
   2017       1      16    18000.000000
   2017       1      17    18200.000000
   2017       1      18    18300.000000
   2017       1      19    18300.000000
   2017       1      20    18400.000000
   2017       1      21    18000.000000
   2017       1      22    18000.000000
   2017       1      23    17400.000000
   2017       1      24    17000.000000
   2017       1      25    16800.000000
   2017       1      26    16700.000000
   2017       1      27    16600.000000
   2017       1      28    16400.000000
   2017       1      29    16300.000000
   2017       1      30    15900.000000
   2017       1      31    15600.000000
   2017       2       1    15400.000000
   2017       2       2    15000.000000
   2017       2       3    14500.000000
   2017       2       4    14200.000000
   2017       2       5    13800.000000
   2017       2       6    13600.000000
   2017       2       7    13500.000000
   2017       2       8    12900.000000
   2017       2       9    13200.000000
   2017       2      10    13800.000000
   2017       2      11    13800.000000
   2017       2      12    13900.000000
   2017       2      13    13153.333333
   2017       2      14    13800.000000
   2017       2      15    13800.000000
   2017       2      16    13700.000000
   2017       2      17    13800.000000
   2017       2      18    13300.000000
   2017       2      19    13500.000000
   2017       2      20    13100.000000
   2017       2      21    12446.153846
   2017       2      22    12300.000000
   2017       2      23    12600.000000
   2017       2      24    12400.000000
   2017       2      25    12660.000000
   2017       2      26    12900.000000
   2017       2      27    13200.000000
   2017       2      28    13400.000000
   2017       3       1    13800.000000
   2017       3       2    14200.000000
   2017       3       3    14500.000000
   2017       3       4    14800.000000
   2017       3       5    14700.000000
   2017       3       6    14800.000000
   2017       3       7    14800.000000
   2017       3       8    14800.000000
   2017       3       9    14600.000000
   2017       3      10    15345.454545
   2017       3      11    14900.000000
   2017       3      12    15160.000000
   2017       3      13    15800.000000
   2017       3      14    16700.000000
   2017       3      15    17900.000000
   2017       3      16    19000.000000
   2017       3      17    19900.000000
   2017       3      18    20400.000000
   2017       3      19    21100.000000
   2017       3      20    21700.000000
   2017       3      21    22800.000000
   2017       3      22    24000.000000
   2017       3      23    25500.000000
   2017       3      24    26900.000000
   2017       3      25    28300.000000
   2017       3      26    30100.000000
   2017       3      27    31400.000000
   2017       3      28    32300.000000
   2017       3      29    32400.000000
   2017       3      30    32700.000000
   2017       3      31    32100.000000
   2017       4       1    32400.000000
   2017       4       2    32700.000000
   2017       4       3    32800.000000
   2017       4       4    33000.000000
   2017       4       5    33000.000000
   2017       4       6    32800.000000
   2017       4       7    32400.000000
   2017       4       8    32100.000000
   2017       4       9    31500.000000
   2017       4      10    30900.000000
   2017       4      11    32100.000000
   2017       4      12    32900.000000
   2017       4      13    33281.818182
   2017       4      14    33800.000000
   2017       4      15    33900.000000
   2017       4      16    33800.000000
   2017       4      17    33600.000000
   2017       4      18    33100.000000
   2017       4      19    32900.000000
   2017       4      20    32200.000000
   2017       4      21    31700.000000
   2017       4      22    31300.000000
   2017       4      23    30700.000000
   2017       4      24    30300.000000
   2017       4      25    29900.000000
   2017       4      26    29500.000000
   2017       4      27    29600.000000
   2017       4      28    29900.000000
   2017       4      29    29800.000000
   2017       4      30    29700.000000
   2017       5       1    29700.000000
   2017       5       2    29250.000000
   2017       5       3    29000.000000
   2017       5       4    28900.000000
   2017       5       5    28800.000000
   2017       5       6    28600.000000
   2017       5       7    28400.000000
   2017       5       8    28400.000000
   2017       5       9    28600.000000
   2017       5      10    29000.000000
   2017       5      11    29100.000000
   2017       5      12    29100.000000
   2017       5      13    29500.000000
   2017       5      14    29900.000000
   2017       5      15    30000.000000
   2017       5      16    30300.000000
   2017       5      17    30800.000000
   2017       5      18    30900.000000
   2017       5      19    30900.000000
   2017       5      20    30600.000000
   2017       5      21    30300.000000
   2017       5      22    29700.000000
   2017       5      23    29000.000000
   2017       5      24    28300.000000
   2017       5      25    28300.000000
   2017       5      26    28400.000000
   2017       5      27    28200.000000
   2017       5      28    28300.000000
   2017       5      29    28300.000000
   2017       5      30    28400.000000
   2017       5      31    28400.000000
   2017       6       1    28300.000000
   2017       6       2    27900.000000
   2017       6       3    28146.666667
   2017       6       4    28400.000000
   2017       6       5    28700.000000
   2017       6       6    29000.000000
   2017       6       7    29500.000000
   2017       6       8    30100.000000
   2017       6       9    30700.000000
   2017       6      10    31200.000000
   2017       6      11    31400.000000
   2017       6      12    31900.000000
   2017       6      13    32600.000000
   2017       6      14    34100.000000
   2017       6      15    35600.000000
   2017       6      16    37000.000000
   2017       6      17    37472.727273
   2017       6      18    37900.000000
   2017       6      19    38600.000000
   2017       6      20    38600.000000
   2017       6      21    39300.000000
   2017       6      22    39500.000000
   2017       6      23    39600.000000
   2017       6      24    40400.000000
   2017       6      25    42900.000000
   2017       6      26    45300.000000
   2017       6      27    48100.000000
   2017       6      28    50600.000000
   2017       6      29    51500.000000
   2017       6      30    53200.000000
   2017       7       1    55300.000000
   2017       7       2    58420.000000
   2017       7       3    62240.000000
   2017       7       4    67950.000000
   2017       7       5    69280.000000
   2017       7       6    69950.000000
   2017       7       7    69640.000000
   2017       7       8    69660.000000
   2017       7       9    68620.000000
   2017       7      10    68300.000000
   2017       7      11    68320.000000
   2017       7      12    67860.000000
   2017       7      13    66800.000000
   2017       7      14    65850.000000
   2017       7      15    63950.000000
   2017       7      16    62377.876106
   2017       7      17    61400.884956
   2017       7      18    60423.893805
   2017       7      19    59446.902655
   2017       7      20    58469.911504
   2017       7      21    57133.333333
   2017       7      22    56020.000000
   2017       7      23    53120.000000
   2017       7      24    52160.000000
   2017       7      25    51200.000000
   2017       7      26    50260.000000
   2017       7      27    49400.000000
   2017       7      28    48340.000000
   2017       7      29    45840.000000
   2017       7      30    44660.000000
   2017       7      31    43660.000000
   2017       8       1    42760.000000
   2017       8       2    42700.000000
   2017       8       3    43150.000000
   2017       8       4    42750.000000
   2017       8       5    42060.000000
   2017       8       6    41157.142857
   2017       8       7    40040.000000
   2017       8       8    38800.000000
   2017       8       9    37550.000000
   2017       8      10    36620.000000
   2017       8      11    35900.000000
   2017       8      12    35300.000000
   2017       8      13    35040.000000
   2017       8      14    35850.000000
   2017       8      15    37750.000000
   2017       8      16    38980.000000
   2017       8      17    39600.000000
   2017       8      18    40180.000000
   2017       8      19    40440.000000
   2017       8      20    40420.000000
   2017       8      21    39780.000000
   2017       8      22    39450.000000
   2017       8      23    38980.000000
   2017       8      24    38640.000000
   2017       8      25    38220.000000
   2017       8      26    37300.000000
   2017       8      27    36633.333333
   2017       8      28    36500.000000
   2017       8      29    36000.000000
   2017       8      30    35020.000000
   2017       8      31    34400.000000
   2017       9       1    34200.000000
   2017       9       2    34020.000000
   2017       9       3    33420.000000
   2017       9       4    33540.000000
   2017       9       5    33120.000000
   2017       9       6    32820.000000
   2017       9       7    32680.000000
   2017       9       8    32600.000000
   2017       9       9    32540.000000
   2017       9      10    32400.000000
   2017       9      11    32340.000000
   2017       9      12    31600.000000
   2017       9      13    31620.000000
   2017       9      14    31200.000000
   2017       9      15    31200.000000
   2017       9      16    31160.000000
   2017       9      17    31000.000000
   2017       9      18    30872.727273
   2017       9      19    30420.000000
   2017       9      20    29700.000000
   2017       9      21    29260.000000
   2017       9      22    29280.000000
   2017       9      23    29400.000000
   2017       9      24    29100.000000
   2017       9      25    29181.818182
   2017       9      26    28866.666667
   2017       9      27    28800.000000
   2017       9      28    28550.000000
   2017       9      29    28580.000000
   2017       9      30    29000.000000
   2017      10       1    29033.333333
   2017      10       2    29540.000000
   2017      10       3    29600.000000
   2017      10       4    29800.000000
   2017      10       5    30740.000000
   2017      10       6    31340.000000
   2017      10       7    31620.000000
   2017      10       8    32380.000000
   2017      10       9    33023.809524
   2017      10      10    33995.238095
   2017      10      11    34680.000000
   2017      10      12    34900.000000
   2017      10      13    35420.000000
   2017      10      14    36180.000000
   2017      10      15    36280.000000
   2017      10      16    36380.000000
   2017      10      17    36920.000000
   2017      10      18    37760.000000
   2017      10      19    38366.666667
   2017      10      20    38233.333333
   2017      10      21    38566.666667
   2017      10      22    38480.000000
   2017      10      23    38460.000000
   2017      10      24    37980.000000
   2017      10      25    37900.000000
   2017      10      26    37380.000000
   2017      10      27    36940.000000
   2017      10      28    36262.500000
   2017      10      29    35520.000000
   2017      10      30    34540.000000
   2017      10      31    34300.000000
   2017      11       1    34466.666667
   2017      11       2    33600.000000
   2017      11       3    32850.000000
   2017      11       4    31966.666667
   2017      11       5    31100.000000
   2017      11       6    31166.666667
   2017      11       7    30400.000000
   2017      11       8    29833.333333
   2017      11       9    29066.666667
   2017      11      10    28011.111111
   2017      11      11    26950.000000
   2017      11      12    26100.000000
   2017      11      13    25440.000000
   2017      11      14    24382.352941
   2017      11      15    23233.333333
   2017      11      16    22300.000000
   2017      11      17    21600.000000
   2017      11      18    20411.111111
   2017      11      19    19266.666667
   2017      11      20    19433.333333
   2017      11      21    18933.333333
   2017      11      22    18600.000000
   2017      11      23    18166.666667
   2017      11      24    17866.666667
   2017      11      25    17433.333333
   2017      11      26    17160.000000
   2017      11      27    16933.333333
   2017      11      28    16800.000000
   2017      11      29    16733.333333
   2017      11      30    16300.000000
   2017      12       1    16433.333333
   2017      12       2    16466.666667
   2017      12       3    16400.000000
   2017      12       4    16233.333333
   2017      12       5    16233.333333
   2017      12       6    16766.666667
   2017      12       7    16833.333333
   2017      12       8    16633.333333
   2017      12       9    16466.666667
   2017      12      10    15833.333333
   2017      12      11    15900.000000
   2017      12      12    15233.333333
   2017      12      13    14833.333333
   2017      12      14    14366.666667
   2017      12      15    13833.333333
   2017      12      16    13500.000000
   2017      12      17    13100.000000
   2017      12      18    13100.000000
   2017      12      19    12900.000000
   2017      12      20    13100.000000
   2017      12      21    13300.000000
   2017      12      22    12966.666667
   2017      12      23    12633.333333
   2017      12      24    12800.000000
   2017      12      25    12733.333333
   2017      12      26    12233.333333
   2017      12      27    12200.000000
   2017      12      28    11800.000000
   2017      12      29    11833.333333
   2017      12      30    11666.666667
   2017      12      31    11533.333333
