   2018       1       1    11033.333334
   2018       1       2    10700.000000
   2018       1       3    10586.666667
   2018       1       4    10666.666667
   2018       1       5    12491.666667
   2018       1       6    12933.333333
   2018       1       7    13283.333333
   2018       1       8    13266.666667
   2018       1       9    13133.333333
   2018       1      10    13233.333333
   2018       1      11    13460.000000
   2018       1      12    13500.000000
   2018       1      13    14033.333333
   2018       1      14    14366.666667
   2018       1      15    14733.333333
   2018       1      16    15488.888889
   2018       1      17    15180.000000
   2018       1      18    15418.181818
   2018       1      19    15060.000000
   2018       1      20    15266.666667
   2018       1      21    15233.333333
   2018       1      22    15133.333333
   2018       1      23    14966.666667
   2018       1      24    14533.333333
   2018       1      25    14600.000000
   2018       1      26    14600.000000
   2018       1      27    14866.666667
   2018       1      28    15166.666667
   2018       1      29    15200.000000
   2018       1      30    15266.666667
   2018       1      31    15500.000000
   2018       2       1    16238.095238
   2018       2       2    16322.222222
   2018       2       3    17000.000000
   2018       2       4    17633.333333
   2018       2       5    18033.333333
   2018       2       6    18166.666667
   2018       2       7    18133.333333
   2018       2       8    17966.666667
   2018       2       9    17833.333333
   2018       2      10    17520.000000
   2018       2      11    17200.000000
   2018       2      12    16860.000000
   2018       2      13    16333.333333
   2018       2      14    15566.666667
   2018       2      15    14933.333333
   2018       2      16    14100.000000
   2018       2      17    14333.333333
   2018       2      18    13900.000000
   2018       2      19    13733.333333
   2018       2      20    13600.000000
   2018       2      21    13333.333333
   2018       2      22    13066.666667
   2018       2      23    12466.666667
   2018       2      24    12466.666667
   2018       2      25    12166.666667
   2018       2      26    12200.000000
   2018       2      27    12300.000000
   2018       2      28    12133.333333
   2018       3       1    12433.333333
   2018       3       2    12066.666667
   2018       3       3    13066.666667
   2018       3       4    13500.000000
   2018       3       5    14200.000000
   2018       3       6    14966.666667
   2018       3       7    15600.000000
   2018       3       8    16266.666667
   2018       3       9    16800.000000
   2018       3      10    17166.666667
   2018       3      11    17500.000000
   2018       3      12    17600.000000
   2018       3      13    17866.666667
   2018       3      14    17733.333333
   2018       3      15    18033.333333
   2018       3      16    17433.333333
   2018       3      17    16900.000000
   2018       3      18    17233.333333
   2018       3      19    17833.333333
   2018       3      20    18533.333333
   2018       3      21    19100.000000
   2018       3      22    19800.000000
   2018       3      23    20366.666667
   2018       3      24    20833.333333
   2018       3      25    20900.000000
   2018       3      26    21266.666667
   2018       3      27    21300.000000
   2018       3      28    21033.333333
   2018       3      29    20566.666667
   2018       3      30    19800.000000
   2018       3      31    19653.333333
   2018       4       1    19300.000000
   2018       4       2    18900.000000
   2018       4       3    18800.000000
   2018       4       4    18350.000000
   2018       4       5    18333.333333
   2018       4       6    18200.000000
   2018       4       7    18566.666667
   2018       4       8    18440.000000
   2018       4       9    18200.000000
   2018       4      10    17800.000000
   2018       4      11    17600.000000
   2018       4      12    17166.666667
   2018       4      13    16900.000000
   2018       4      14    16900.000000
   2018       4      15    17540.000000
   2018       4      16    18366.666667
   2018       4      17    19400.000000
   2018       4      18    20133.333333
   2018       4      19    20733.333333
   2018       4      20    20900.000000
   2018       4      21    20720.000000
   2018       4      22    20680.000000
   2018       4      23    20566.666667
   2018       4      24    21300.000000
   2018       4      25    21880.000000
   2018       4      26    22600.000000
   2018       4      27    23460.869565
   2018       4      28    23383.333333
   2018       4      29    23533.333333
   2018       4      30    23466.666667
   2018       5       1    23400.000000
   2018       5       2    23240.000000
   2018       5       3    23233.333333
   2018       5       4    24280.000000
   2018       5       5    24180.000000
   2018       5       6    24066.666667
   2018       5       7    24233.333333
   2018       5       8    24533.333333
   2018       5       9    25166.666667
   2018       5      10    25950.000000
   2018       5      11    26850.000000
   2018       5      12    27533.333333
   2018       5      13    28133.333333
   2018       5      14    28466.666667
   2018       5      15    28800.000000
   2018       5      16    29100.000000
   2018       5      17    28983.333333
   2018       5      18    29333.333333
   2018       5      19    29166.666667
   2018       5      20    29333.333333
   2018       5      21    29033.333333
   2018       5      22    29333.333333
   2018       5      23    29700.000000
   2018       5      24    30533.333333
   2018       5      25    30680.000000
   2018       5      26    30900.000000
   2018       5      27    31266.666667
   2018       5      28    31900.000000
   2018       5      29    32400.000000
   2018       5      30    32466.666667
   2018       5      31    32566.666667
   2018       6       1    33100.000000
   2018       6       2    33866.666667
   2018       6       3    34200.000000
   2018       6       4    34400.000000
   2018       6       5    34733.333333
   2018       6       6    34700.000000
   2018       6       7    34720.000000
   2018       6       8    34821.739130
   2018       6       9    34633.333333
   2018       6      10    34800.000000
   2018       6      11    35420.000000
   2018       6      12    36100.000000
   2018       6      13    36300.000000
   2018       6      14    36184.574468
   2018       6      15    35610.106383
   2018       6      16    35035.638298
   2018       6      17    34461.170213
   2018       6      18    33886.702128
   2018       6      19    33312.234043
   2018       6      20    32737.765957
   2018       6      21    32163.297872
   2018       6      22    31827.777778
   2018       6      23    31694.444444
   2018       6      24    31561.111111
   2018       6      25    31427.777778
   2018       6      26    31294.444444
   2018       6      27    31161.111111
   2018       6      28    31027.777778
   2018       6      29    30894.444444
   2018       6      30    31030.769231
   2018       7       1    30823.076923
   2018       7       2    30900.000000
   2018       7       3    31200.000000
   2018       7       4    31800.000000
   2018       7       5    32450.000000
   2018       7       6    33300.000000
   2018       7       7    33700.000000
   2018       7       8    35500.000000
   2018       7       9    38300.000000
   2018       7      10    40500.000000
   2018       7      11    41902.631579
   2018       7      12    42628.947368
   2018       7      13    43355.263158
   2018       7      14    44081.578947
   2018       7      15    44807.894737
   2018       7      16    45534.210526
   2018       7      17    46200.000000
   2018       7      18    46000.000000
   2018       7      19    46300.000000
   2018       7      20    46700.000000
   2018       7      21    46680.952381
   2018       7      22    46200.000000
   2018       7      23    46500.000000
   2018       7      24    46600.000000
   2018       7      25    46500.000000
   2018       7      26    46000.000000
   2018       7      27    45133.333333
   2018       7      28    44300.000000
   2018       7      29    43900.000000
   2018       7      30    43700.000000
   2018       7      31    43166.666667
   2018       8       1    42600.000000
   2018       8       2    42100.000000
   2018       8       3    41400.000000
   2018       8       4    40994.117647
   2018       8       5    41400.000000
   2018       8       6    41300.000000
   2018       8       7    41300.000000
   2018       8       8    41000.000000
   2018       8       9    40300.000000
   2018       8      10    40100.000000
   2018       8      11    39680.000000
   2018       8      12    39500.000000
   2018       8      13    38300.000000
   2018       8      14    38566.666667
   2018       8      15    38233.333333
   2018       8      16    37900.000000
   2018       8      17    37088.524590
   2018       8      18    37049.180328
   2018       8      19    37009.836066
   2018       8      20    36970.491803
   2018       8      21    36931.147541
   2018       8      22    37100.000000
   2018       8      23    36700.000000
   2018       8      24    36466.666667
   2018       8      25    36200.000000
   2018       8      26    36033.333334
   2018       8      27    36100.000000
   2018       8      28    35650.000000
   2018       8      29    35800.000000
   2018       8      30    35833.333333
   2018       8      31    35500.000000
   2018       9       1    35266.666667
   2018       9       2    34860.000000
   2018       9       3    34666.666667
   2018       9       4    34100.000000
   2018       9       5    33700.000000
   2018       9       6    33200.000000
   2018       9       7    32500.000000
   2018       9       8    31300.000000
   2018       9       9    30800.000000
   2018       9      10    30400.000000
   2018       9      11    30300.000000
   2018       9      12    29400.000000
   2018       9      13    28700.000000
   2018       9      14    28100.000000
   2018       9      15    27400.000000
   2018       9      16    26400.000000
   2018       9      17    25500.000000
   2018       9      18    24900.000000
   2018       9      19    24200.000000
   2018       9      20    23500.000000
   2018       9      21    22500.000000
   2018       9      22    21900.000000
   2018       9      23    21400.000000
   2018       9      24    21100.000000
   2018       9      25    20900.000000
   2018       9      26    21000.000000
   2018       9      27    21400.000000
   2018       9      28    21600.000000
   2018       9      29    22100.000000
   2018       9      30    22700.000000
   2018      10       1    23500.000000
   2018      10       2    24200.000000
   2018      10       3    24900.000000
   2018      10       4    25100.000000
   2018      10       5    25100.000000
   2018      10       6    24700.000000
   2018      10       7    24200.000000
   2018      10       8    24100.000000
   2018      10       9    23900.000000
   2018      10      10    24000.000000
   2018      10      11    24200.000000
   2018      10      12    24300.000000
   2018      10      13    24500.000000
   2018      10      14    24700.000000
   2018      10      15    24700.000000
   2018      10      16    24700.000000
   2018      10      17    24400.000000
   2018      10      18    24100.000000
   2018      10      19    23600.000000
   2018      10      20    23300.000000
   2018      10      21    22800.000000
   2018      10      22    22500.000000
   2018      10      23    22300.000000
   2018      10      24    22400.000000
   2018      10      25    22300.000000
   2018      10      26    22500.000000
   2018      10      27    22700.000000
   2018      10      28    22700.000000
   2018      10      29    22600.000000
   2018      10      30    22600.000000
   2018      11       1    22400.000000
   2018      11       2    21400.000000
   2018      11       3    21700.000000
   2018      11       4    20800.000000
   2018      11       5    20100.000000
   2018      11       6    19700.000000
   2018      11       7    19500.000000
   2018      11       8    19900.000000
   2018      11       9    19800.000000
   2018      11      10    19400.000000
   2018      11      11    19200.000000
   2018      11      12    18900.000000
   2018      11      13    18800.000000
   2018      11      14    18500.000000
   2018      11      15    19100.000000
   2018      11      16    19300.000000
   2018      11      17    19700.000000
   2018      11      18    20300.000000
   2018      11      19    21300.000000
   2018      11      20    22200.000000
   2018      11      21    22700.000000
   2018      11      22    23400.000000
   2018      11      23    24000.000000
   2018      11      24    24500.000000
   2018      11      25    25100.000000
   2018      11      26    25200.000000
   2018      11      27    24900.000000
   2018      11      28    24500.000000
   2018      11      29    23800.000000
   2018      11      30    22900.000000
   2018      12       1    22100.000000
   2018      12       2    21300.000000
   2018      12       3    20100.000000
   2018      12       4    19200.000000
   2018      12       5    18100.000000
   2018      12       6    17700.000000
   2018      12       7    17400.000000
   2018      12       8    17800.000000
   2018      12       9    18000.000000
   2018      12      10    18200.000000
   2018      12      11    18300.000000
   2018      12      12    18300.000000
   2018      12      13    18700.000000
   2018      12      14    19000.000000
   2018      12      15    19200.000000
   2018      12      16    19300.000000
   2018      12      17    19300.000000
   2018      12      18    19000.000000
   2018      12      19    18600.000000
   2018      12      20    18100.000000
   2018      12      21    17600.000000
   2018      12      22    17600.000000
   2018      12      23    17600.000000
   2018      12      24    17800.000000
   2018      12      25    17700.000000
   2018      12      26    17500.000000
   2018      12      27    17100.000000
   2018      12      28    16800.000000
   2018      12      29    16900.000000
   2018      12      30    16800.000000
   2018      12      31    16600.000000
