   2019       1       1    16300.000000
   2019       1       2    16000.000000
   2019       1       3    15900.000000
   2019       1       4    15900.000000
   2019       1       5    16300.000000
   2019       1       6    16700.000000
   2019       1       7    17200.000000
   2019       1       8    17700.000000
   2019       1       9    18400.000000
   2019       1      10    19100.000000
   2019       1      11    19900.000000
   2019       1      12    20600.000000
   2019       1      13    21100.000000
   2019       1      14    21700.000000
   2019       1      15    22300.000000
   2019       1      16    22700.000000
   2019       1      17    23300.000000
   2019       1      18    23300.000000
   2019       1      19    23000.000000
   2019       1      20    23000.000000
   2019       1      21    22800.000000
   2019       1      22    23300.000000
   2019       1      23    23000.000000
   2019       1      24    22400.000000
   2019       1      25    22100.000000
   2019       1      26    21500.000000
   2019       1      27    21000.000000
   2019       1      28    20700.000000
   2019       1      29    19900.000000
   2019       1      30    19200.000000
   2019       1      31    18500.000000
   2019       2       1    17500.000000
   2019       2       2    17500.000000
   2019       2       3    17000.000000
   2019       2       4    17000.000000
   2019       2       5    16700.000000
   2019       2       6    16600.000000
   2019       2       7    16100.000000
   2019       2       8    16000.000000
   2019       2       9    16000.000000
   2019       2      10    16000.000000
   2019       2      11    16200.000000
   2019       2      12    16300.000000
   2019       2      13    16100.000000
   2019       2      14    16200.000000
   2019       2      15    16200.000000
   2019       2      16    16500.000000
   2019       2      17    16600.000000
   2019       2      18    17400.000000
   2019       2      19    18400.000000
   2019       2      20    19700.000000
   2019       2      21    20800.000000
   2019       2      22    22300.000000
   2019       2      23    23400.000000
   2019       2      24    24500.000000
   2019       2      25    25800.000000
   2019       2      26    26800.000000
   2019       2      27    27500.000000
   2019       2      28    28300.000000
   2019       3       1    28500.000000
   2019       3       2    28500.000000
   2019       3       3    28900.000000
   2019       3       4    29600.000000
   2019       3       5    30500.000000
   2019       3       6    31200.000000
   2019       3       7    32200.000000
   2019       3       8    32400.000000
   2019       3       9    33000.000000
   2019       3      10    33700.000000
   2019       3      11    34200.000000
   2019       3      12    34000.000000
   2019       3      13    34000.000000
   2019       3      14    33600.000000
   2019       3      15    33100.000000
   2019       3      16    32600.000000
   2019       3      17    31800.000000
   2019       3      18    31200.000000
   2019       3      19    30200.000000
   2019       3      20    29600.000000
   2019       3      21    29400.000000
   2019       3      22    28400.000000
   2019       3      23    27700.000000
   2019       3      24    28000.000000
   2019       3      25    27600.000000
   2019       3      26    27500.000000
   2019       3      27    27200.000000
   2019       3      28    26900.000000
   2019       3      29    26600.000000
   2019       3      30    26700.000000
   2019       3      31    26600.000000
   2019       4       1    26600.000000
   2019       4       2    26600.000000
   2019       4       3    26300.000000
   2019       4       4    26500.000000
   2019       4       5    26800.000000
   2019       4       6    26800.000000
   2019       4       7    26800.000000
   2019       4       8    26600.000000
   2019       4       9    26500.000000
   2019       4      10    26200.000000
   2019       4      11    26100.000000
   2019       4      12    26100.000000
   2019       4      13    25900.000000
   2019       4      14    25500.000000
   2019       4      15    25200.000000
   2019       4      16    25100.000000
   2019       4      17    24900.000000
   2019       4      18    25100.000000
   2019       4      19    25300.000000
   2019       4      20    25600.000000
   2019       4      21    25900.000000
   2019       4      22    26100.000000
   2019       4      23    26500.000000
   2019       4      24    26900.000000
   2019       4      25    27100.000000
   2019       4      26    27200.000000
   2019       4      27    27100.000000
   2019       4      28    28100.000000
   2019       4      29    28600.000000
   2019       4      30    28900.000000
   2019       5       1    29400.000000
   2019       5       2    29700.000000
   2019       5       3    30400.000000
   2019       5       4    31000.000000
   2019       5       5    31200.000000
   2019       5       6    31400.000000
   2019       5       7    30600.000000
   2019       5       8    30700.000000
   2019       5       9    30800.000000
   2019       5      10    30900.000000
   2019       5      11    30800.000000
   2019       5      12    31200.000000
   2019       5      13    31000.000000
   2019       5      14    31000.000000
   2019       5      15    31000.000000
   2019       5      16    31300.000000
   2019       5      17    31600.000000
   2019       5      18    32100.000000
   2019       5      19    32700.000000
   2019       5      20    33600.000000
   2019       5      21    34900.000000
   2019       5      22    36100.000000
   2019       5      23    37400.000000
   2019       5      24    38600.000000
   2019       5      25    39500.000000
   2019       5      26    40500.000000
   2019       5      27    42200.000000
   2019       5      28    42600.000000
   2019       5      29    42300.000000
   2019       5      30    42900.000000
   2019       5      31    43000.000000
   2019       6       1    42900.000000
   2019       6       2    42900.000000
   2019       6       3    43200.000000
   2019       6       4    43200.000000
   2019       6       5    42800.000000
   2019       6       6    42900.000000
   2019       6       7    42000.000000
   2019       6       8    41900.000000
   2019       6       9    41600.000000
   2019       6      10    42200.000000
   2019       6      11    42700.000000
   2019       6      12    43900.000000
   2019       6      13    45700.000000
   2019       6      14    45700.000000
   2019       6      15    46600.000000
   2019       6      16    47400.000000
   2019       6      17    47600.000000
   2019       6      18    48200.000000
   2019       6      19    48500.000000
   2019       6      20    48200.000000
   2019       6      21    48700.000000
   2019       6      22    48500.000000
   2019       6      23    48900.000000
   2019       6      24    49900.000000
   2019       6      25    51000.000000
   2019       6      26    52100.000000
   2019       6      27    52200.000000
   2019       6      28    51800.000000
   2019       6      29    51600.000000
   2019       6      30    51700.000000
   2019       7       1    51400.000000
   2019       7       2    50700.000000
   2019       7       3    50400.000000
   2019       7       4    50400.000000
   2019       7       5    51000.000000
   2019       7       6    51400.000000
   2019       7       7    51600.000000
   2019       7       8    52500.000000
   2019       7       9    52000.000000
   2019       7      10    52600.000000
   2019       7      11    54700.000000
   2019       7      12    57300.000000
   2019       7      13    59800.000000
   2019       7      14    62500.000000
   2019       7      15    64100.000000
   2019       7      16    66200.000000
   2019       7      17    68200.000000
   2019       7      18    67500.000000
   2019       7      19    68200.000000
   2019       7      20    66000.000000
   2019       7      21    66000.000000
   2019       7      22    63600.000000
   2019       7      23    62300.000000
   2019       7      24    60800.000000
   2019       7      25    60600.000000
   2019       7      26    59500.000000
   2019       7      27    58400.000000
   2019       7      28    57500.000000
   2019       7      29    56700.000000
   2019       7      30    55500.000000
   2019       7      31    54100.000000
   2019       8       1    53200.000000
   2019       8       2    52700.000000
   2019       8       3    52000.000000
   2019       8       4    51200.000000
   2019       8       5    50600.000000
   2019       8       6    50000.000000
   2019       8       7    49300.000000
   2019       8       8    48900.000000
   2019       8       9    47700.000000
   2019       8      10    46900.000000
   2019       8      11    46900.000000
   2019       8      12    47000.000000
   2019       8      13    46700.000000
   2019       8      14    46200.000000
   2019       8      15    45600.000000
   2019       8      16    45000.000000
   2019       8      17    44600.000000
   2019       8      18    43500.000000
   2019       8      19    42500.000000
   2019       8      20    41800.000000
   2019       8      21    41400.000000
   2019       8      22    40300.000000
   2019       8      23    39300.000000
   2019       8      24    38500.000000
   2019       8      25    37500.000000
   2019       8      26    36900.000000
   2019       8      27    36400.000000
   2019       8      28    35600.000000
   2019       8      29    34500.000000
   2019       8      30    34000.000000
   2019       8      31    33600.000000
   2019       9       1    32800.000000
   2019       9       2    32200.000000
   2019       9       3    31600.000000
   2019       9       4    30900.000000
   2019       9       5    30400.000000
   2019       9       6    29800.000000
   2019       9       7    29000.000000
   2019       9       8    28500.000000
   2019       9       9    27300.000000
   2019       9      10    26200.000000
   2019       9      11    24800.000000
   2019       9      12    23800.000000
   2019       9      13    22800.000000
   2019       9      14    22000.000000
   2019       9      15    21200.000000
   2019       9      16    20800.000000
   2019       9      17    20400.000000
   2019       9      18    20200.000000
   2019       9      19    19800.000000
   2019       9      20    19800.000000
   2019       9      21    20400.000000
   2019       9      22    21400.000000
   2019       9      23    22600.000000
   2019       9      24    23500.000000
   2019       9      25    24000.000000
   2019       9      26    23800.000000
   2019       9      27    23500.000000
   2019       9      28    23300.000000
   2019       9      29    23500.000000
   2019       9      30    23400.000000
   2019      10       1    23200.000000
   2019      10       2    23100.000000
   2019      10       3    22600.000000
   2019      10       4    22200.000000
   2019      10       5    21500.000000
   2019      10       6    20400.000000
   2019      10       7    20200.000000
   2019      10       8    19500.000000
   2019      10       9    18900.000000
   2019      10      10    18600.000000
   2019      10      11    18400.000000
   2019      10      12    18400.000000
   2019      10      13    18600.000000
   2019      10      14    18900.000000
   2019      10      15    19100.000000
   2019      10      16    19800.000000
   2019      10      17    20100.000000
   2019      10      18    20100.000000
   2019      10      19    20200.000000
   2019      10      20    20300.000000
   2019      10      21    20100.000000
   2019      10      22    20000.000000
   2019      10      23    19500.000000
   2019      10      24    19200.000000
   2019      10      25    18500.000000
   2019      10      26    18000.000000
   2019      10      27    17600.000000
   2019      10      28    17700.000000
   2019      10      29    17900.000000
   2019      10      30    18000.000000
   2019      10      31    18200.000000
   2019      11       1    18500.000000
   2019      11       2    18700.000000
   2019      11       3    19000.000000
   2019      11       4    19300.000000
   2019      11       5    19400.000000
   2019      11       6    19800.000000
   2019      11       7    19700.000000
   2019      11       8    19500.000000
   2019      11       9    19300.000000
   2019      11      10    19200.000000
   2019      11      11    18800.000000
   2019      11      12    18400.000000
   2019      11      13    18200.000000
   2019      11      14    18100.000000
   2019      11      15    17800.000000
   2019      11      16    17500.000000
   2019      11      17    17100.000000
   2019      11      18    16200.000000
   2019      11      19    16300.000000
   2019      11      20    15600.000000
   2019      11      21    15100.000000
   2019      11      22    14400.000000
   2019      11      23    13600.000000
   2019      11      24    13000.000000
   2019      11      25    11600.000000
   2019      11      26    12100.000000
   2019      11      27    13200.000000
   2019      11      28    13100.000000
   2019      11      29    13300.000000
   2019      11      30    13400.000000
   2019      12       1    13000.000000
   2019      12       2    12700.000000
   2019      12       3    12200.000000
   2019      12       4    11700.000000
   2019      12       5    11300.000000
   2019      12       6    11000.000000
   2019      12       7    10800.000000
   2019      12       8    10800.000000
   2019      12       9    10400.000000
   2019      12      10    10500.000000
   2019      12      11    10500.000000
   2019      12      12    10900.000000
   2019      12      13    11400.000000
   2019      12      14    11600.000000
   2019      12      15    11700.000000
   2019      12      16    12000.000000
   2019      12      17    12100.000000
   2019      12      18    11700.000000
   2019      12      19    11700.000000
   2019      12      20    11600.000000
   2019      12      21    11200.000000
   2019      12      22    10800.000000
   2019      12      23    10400.000000
   2019      12      24    10100.000000
   2019      12      25    10400.000000
   2019      12      26    11200.000000
   2019      12      27    11800.000000
   2019      12      28    12000.000000
   2019      12      29    12100.000000
   2019      12      30    12200.000000
   2019      12      31    11900.000000
